duration=1027

entities={
	{
		entity_name="Scene_m13_csv",
		type=SCENE,
		template_name="",
		template_id=0,
		spatialprops={
			pos={0,0,0},
			orient={
				{1,0,0},
				{0,1,0},
				{0,0,1}
			}
		},
		up=Y_AXIS,
		front=Z_AXIS,
		ambient={
		    0,
		    0,
		    0
		}
	},

	{
		entity_name="Monitor_1",
		type=MONITOR,
		template_name="",
		template_id=0
	},
	{
		entity_name="offscreen",
		type=MARKER,
		template_name="",
		lt_grp=0,
		srt_grp=0,
		usr_flg=0,
		flags=HIDDEN,
		spatialprops={pos={-10000000,-10000,0},orient={ {1,0,0},{0,1,0},{0,0,1} } },
	},

	{
		entity_name="offscreen_back",
		type=MARKER,
		template_name="",
		lt_grp=0,
		srt_grp=0,
		usr_flg=0,
		flags=HIDDEN,
		spatialprops={pos={0,-10000,-10000000},orient={ {1,0,0},{0,1,0},{0,0,1} } },
	},

    

	{
    entity_name="automarker_default_point",
    type=MARKER,
    template_name="",lt_grp=0,srt_grp=0,usr_flg=0,
    spatialprops={
        pos={ 0.00, 0.00, 0.00 },
        orient={ 
            { 1.0000000,0.0000000,0.0000000 },
            { 0.0000000,1.0000000,0.0000000 },
            { 0.0000000,0.0000000,1.0000000 }
         }
    }
}
,
{
    entity_name="automarker_offscreen_point",
    type=MARKER,
    template_name="",lt_grp=0,srt_grp=0,usr_flg=0,
    spatialprops={
        pos={ 0.00, -10000.00, 0.00 },
        orient={ 
            { 1.0000000,0.0000000,0.0000000 },
            { 0.0000000,1.0000000,0.0000000 },
            { 0.0000000,0.0000000,1.0000000 }
         }
    }
}
,
{
    entity_name="automarker_shiplook",
    type=MARKER,
    template_name="",lt_grp=0,srt_grp=0,usr_flg=0,
    spatialprops={
        pos={ 41.73, 15.24, 27.66 },
        orient={ 
            { 1.0000000,0.0000000,0.0000000 },
            { 0.0000000,1.0000000,0.0000000 },
            { 0.0000000,0.0000000,1.0000000 }
         }
    }
}
,
{
    entity_name="automarker_cam_dbg",
    type=MARKER,
    template_name="",lt_grp=0,srt_grp=0,usr_flg=0,
    spatialprops={
        pos={ -8.94, 4.94, 14.07 },
        orient={ 
            { 1.0000000,0.0000000,0.0000000 },
            { 0.0000000,1.0000000,0.0000000 },
            { 0.0000000,0.0000000,1.0000000 }
         }
    }
}
,
{
    entity_name="automarker_cam_dbg_focus",
    type=MARKER,
    template_name="",lt_grp=0,srt_grp=0,usr_flg=0,
    spatialprops={
        pos={ -31.90, -0.01, 4.53 },
        orient={ 
            { 1.0000000,0.0000000,0.0000000 },
            { 0.0000000,1.0000000,0.0000000 },
            { 0.0000000,0.0000000,1.0000000 }
         }
    }
}
,
{
    entity_name="automarker_ship",
    type=MARKER,
    template_name="",lt_grp=0,srt_grp=0,usr_flg=0,
    spatialprops={
        pos={ 0.33, 0.05, 0.07 },
        orient={ 
            { 1.0000000,0.0000000,0.0000000 },
            { 0.0000000,1.0000000,0.0000000 },
            { 0.0000000,0.0000000,1.0000000 }
         }
    }
}
,
{
    entity_name="automarker_cam_dbg2",
    type=MARKER,
    template_name="",lt_grp=0,srt_grp=0,usr_flg=0,
    spatialprops={
        pos={ -101.24, 10.88, -12.52 },
        orient={ 
            { 1.0000000,0.0000000,0.0000000 },
            { 0.0000000,1.0000000,0.0000000 },
            { 0.0000000,0.0000000,1.0000000 }
         }
    }
}
,
{
    entity_name="automarker_bh",
    type=MARKER,
    template_name="",lt_grp=0,srt_grp=0,usr_flg=0,
    spatialprops={
        pos={ 0.33, -8.78, 535.81 },
        orient={ 
            { 1.0000000,0.0000000,0.0000000 },
            { 0.0000000,0.8660254,-0.5000000 },
            { 0.0000000,0.5000000,0.8660254 }
         }
    }
}
,
{
    entity_name="automarker_csv_test",
    type=MARKER,
    template_name="",lt_grp=0,srt_grp=0,usr_flg=0,
    spatialprops={
        pos={ -35.84, 0.00, -0.00 },
        orient={ 
            { 1.0000000,0.0000000,0.0000000 },
            { 0.0000000,1.0000000,0.0000000 },
            { 0.0000000,0.0000000,1.0000000 }
         }
    }
}
,
{
    entity_name="automarker_csv_test2",
    type=MARKER,
    template_name="",lt_grp=0,srt_grp=0,usr_flg=0,
    spatialprops={
        pos={ -35.84, 0.00, -80.13 },
        orient={ 
            { 1.0000000,0.0000000,0.0000000 },
            { 0.0000000,1.0000000,0.0000000 },
            { 0.0000000,0.0000000,1.0000000 }
         }
    }
}
,
{
    entity_name="automarker_csv_launch",
    type=MARKER,
    template_name="",lt_grp=0,srt_grp=0,usr_flg=0,
    spatialprops={
        pos={ -486.86, -12.65, -1653.69 },
        orient={ 
            { 0.8660254,-0.0000000,-0.5000000 },
            { 0.0000000,1.0000000,-0.0000000 },
            { 0.5000000,0.0000000,0.8660254 }
         }
    }
}
,
{
    entity_name="automarker_logos_launch",
    type=MARKER,
    template_name="",lt_grp=0,srt_grp=0,usr_flg=0,
    spatialprops={
        pos={ -517.79, 20.27, -1708.67 },
        orient={ 
            { -0.8660254,0.0000000,0.5000000 },
            { 0.0000000,1.0000000,0.0000000 },
            { -0.5000000,0.0000000,-0.8660254 }
         }
    }
}
,
{
    entity_name="automarker_logos_start",
    type=MARKER,
    template_name="",lt_grp=0,srt_grp=0,usr_flg=0,
    spatialprops={
        pos={ -1298.52, 20.27, -2942.76 },
        orient={ 
            { -0.8660254,0.0000000,0.5000000 },
            { 0.0000000,1.0000000,0.0000000 },
            { -0.5000000,0.0000000,-0.8660254 }
         }
    }
}
,
{
    entity_name="automarker_cam_start",
    type=MARKER,
    template_name="",lt_grp=0,srt_grp=0,usr_flg=0,
    spatialprops={
        pos={ -1052.62, 4.94, -2882.78 },
        orient={ 
            { 1.0000000,0.0000000,0.0000000 },
            { 0.0000000,1.0000000,0.0000000 },
            { 0.0000000,0.0000000,1.0000000 }
         }
    }
}
,
{
    entity_name="automarker_cam_start_focus",
    type=MARKER,
    template_name="",lt_grp=0,srt_grp=0,usr_flg=0,
    spatialprops={
        pos={ -778.71, -0.01, -2257.14 },
        orient={ 
            { 1.0000000,0.0000000,0.0000000 },
            { 0.0000000,1.0000000,0.0000000 },
            { 0.0000000,0.0000000,1.0000000 }
         }
    }
}
,
{
    entity_name="automarker_cam_launch",
    type=MARKER,
    template_name="",lt_grp=0,srt_grp=0,usr_flg=0,
    spatialprops={
        pos={ -287.18, 30.88, -1606.32 },
        orient={ 
            { 1.0000000,0.0000000,0.0000000 },
            { 0.0000000,1.0000000,0.0000000 },
            { 0.0000000,0.0000000,1.0000000 }
         }
    }
}
,
{
    entity_name="automarker_cam_launch_focus",
    type=MARKER,
    template_name="",lt_grp=0,srt_grp=0,usr_flg=0,
    spatialprops={
        pos={ -481.48, -28.21, -1652.94 },
        orient={ 
            { 1.0000000,0.0000000,0.0000000 },
            { 0.0000000,1.0000000,0.0000000 },
            { 0.0000000,0.0000000,1.0000000 }
         }
    }
}
,
{
    entity_name="automarker_cam_launch2",
    type=MARKER,
    template_name="",lt_grp=0,srt_grp=0,usr_flg=0,
    spatialprops={
        pos={ -287.18, -15.75, -1606.32 },
        orient={ 
            { 1.0000000,0.0000000,0.0000000 },
            { 0.0000000,1.0000000,0.0000000 },
            { 0.0000000,0.0000000,1.0000000 }
         }
    }
}
,
{
    entity_name="automarker_csv_launch2",
    type=MARKER,
    template_name="",lt_grp=0,srt_grp=0,usr_flg=0,
    spatialprops={
        pos={ -486.86, -38.44, -1653.69 },
        orient={ 
            { 0.8660254,-0.0000000,-0.5000000 },
            { 0.0000000,1.0000000,-0.0000000 },
            { 0.5000000,0.0000000,0.8660254 }
         }
    }
}
,
{
    entity_name="automarker_cam_xdbg",
    type=MARKER,
    template_name="",lt_grp=0,srt_grp=0,usr_flg=0,
    spatialprops={
        pos={ -470.98, 51.40, -1656.31 },
        orient={ 
            { 1.0000000,0.0000000,0.0000000 },
            { 0.0000000,1.0000000,0.0000000 },
            { 0.0000000,0.0000000,1.0000000 }
         }
    }
}
,
{
    entity_name="automarker_cam_xdbg_focus",
    type=MARKER,
    template_name="",lt_grp=0,srt_grp=0,usr_flg=0,
    spatialprops={
        pos={ -481.48, -28.21, -1652.94 },
        orient={ 
            { 1.0000000,0.0000000,0.0000000 },
            { 0.0000000,1.0000000,0.0000000 },
            { 0.0000000,0.0000000,1.0000000 }
         }
    }
}
,
{
    entity_name="automarker_cam_launch3",
    type=MARKER,
    template_name="",lt_grp=0,srt_grp=0,usr_flg=0,
    spatialprops={
        pos={ -287.18, -36.20, -1606.32 },
        orient={ 
            { 1.0000000,0.0000000,0.0000000 },
            { 0.0000000,1.0000000,0.0000000 },
            { 0.0000000,0.0000000,1.0000000 }
         }
    }
}
,
{
    entity_name="automarker_cam_launch_focus3",
    type=MARKER,
    template_name="",lt_grp=0,srt_grp=0,usr_flg=0,
    spatialprops={
        pos={ -481.48, -45.27, -1652.94 },
        orient={ 
            { 1.0000000,0.0000000,0.0000000 },
            { 0.0000000,1.0000000,0.0000000 },
            { 0.0000000,0.0000000,1.0000000 }
         }
    }
}
,
{
    entity_name="cam_dbg",
    type=CAMERA,
    template_name="", lt_grp=0, srt_grp=0, usr_flg=0,
    flags=HIDDEN,
    spatialprops={
        pos={ -8.94, 4.94, 14.07 },
        orient={ 
            { 1.0000000,0.0000000,0.0000000 },
            { 0.0000000,1.0000000,0.0000000 },
            { 0.0000000,0.0000000,1.0000000 }
         }
    },
    cameraprops={
        fovh=30,
        hvaspect=1.85,
        nearplane=0.2,
        farplane=30000
    }
}
,
{
    entity_name="cam_xdbg",
    type=CAMERA,
    template_name="", lt_grp=0, srt_grp=0, usr_flg=0,
    flags=HIDDEN,
    spatialprops={
        pos={ -470.98, 51.40, -1656.31 },
        orient={ 
            { 1.0000000,0.0000000,0.0000000 },
            { 0.0000000,1.0000000,0.0000000 },
            { 0.0000000,0.0000000,1.0000000 }
         }
    },
    cameraprops={
        fovh=30,
        hvaspect=1.85,
        nearplane=0.2,
        farplane=30000
    }
}
,
{
    entity_name="cam_start",
    type=CAMERA,
    template_name="", lt_grp=0, srt_grp=0, usr_flg=0,
    flags=HIDDEN,
    spatialprops={
        pos={ -1052.62, 4.94, -2882.78 },
        orient={ 
            { 1.0000000,0.0000000,0.0000000 },
            { 0.0000000,1.0000000,0.0000000 },
            { 0.0000000,0.0000000,1.0000000 }
         }
    },
    cameraprops={
        fovh=30,
        hvaspect=1.85,
        nearplane=0.2,
        farplane=30000
    }
}
,
{
    entity_name="cam_launch",
    type=CAMERA,
    template_name="", lt_grp=0, srt_grp=0, usr_flg=0,
    flags=HIDDEN,
    spatialprops={
        pos={ -287.18, 30.88, -1606.32 },
        orient={ 
            { 1.0000000,0.0000000,0.0000000 },
            { 0.0000000,1.0000000,0.0000000 },
            { 0.0000000,0.0000000,1.0000000 }
         }
    },
    cameraprops={
        fovh=25,
        hvaspect=1.85,
        nearplane=0.2,
        farplane=30000
    }
}
,
{
    entity_name="depot_open_sound",
    template_name="depot_open_sound",
    type=SOUND,lt_grp=0, srt_grp=0, usr_flg=0,
    
    spatialprops={
        pos={0,0,0},
        orient={
            {1,0,0},{0,1,0},{0,0,1}
        }
    },
    audioprops={attenuation=-3,pan=0,dmin=50,dmax=300,ain=360,aout=360,atout=0,rmix=0},
    userprops={category="Audio"  , Priority="Story_Sound_1"  }
}
,
{
    entity_name="depot_close_sound",
    template_name="depot_close_sound",
    type=SOUND,lt_grp=0, srt_grp=0, usr_flg=0,
    
    spatialprops={
        pos={0,0,0},
        orient={
            {1,0,0},{0,1,0},{0,0,1}
        }
    },
    audioprops={attenuation=-3,pan=0,dmin=50,dmax=300,ain=360,aout=360,atout=0,rmix=0},
    userprops={category="Audio"  , Priority="Story_Sound_1"  }
}
,
{
    entity_name="scene_bg1",
    type=COMPOUND,
    template_name="om13_nebula",
    lt_grp=100,
    srt_grp=-100,
    usr_flg=1,
    flags=LIT_DYNAMIC,
    spatialprops={
        pos={
            0.00, 0.00, 0.00
        },
        orient={ 
            { -1.0000000,-0.0000000,-0.0000000 }, 
            { 0.0000000,1.0000000,-0.0000000 },
            { 0.0000000,0.0000000,-1.0000000 }
         }
    },
    userprops={
        category="Prop"
    }
}
,
{
    entity_name="scene_bg2",
    type=COMPOUND,
    template_name="new_generic",
    lt_grp=100,
    srt_grp=-100,
    usr_flg=1,
    flags=LIT_DYNAMIC,
    spatialprops={
        pos={
            0.00, 0.00, 0.00
        },
        orient={ 
            { 1.0000000,0.0000000,0.0000000 }, 
            { 0.0000000,1.0000000,0.0000000 },
            { 0.0000000,0.0000000,1.0000000 }
         }
    },
    userprops={
        category="Prop"
    }
}
,
{
    entity_name="astbox_0_a",
    type=COMPOUND,
    template_name="om15_static_large_ast04",
    lt_grp=0,
    srt_grp=0,
    usr_flg=0,
    flags=LIT_DYNAMIC,
    spatialprops={
        pos={
            -2999.00, -829.00, -3124.00
        },
        orient={ 
            { -0.5393386,-0.8328111,-0.1246575 }, 
            { -0.0757991,-0.0994200,0.9921543 },
            { -0.8386706,0.5445561,-0.0095053 }
         }
    },
    userprops={
        category="Solar"
    }
}
,
{
    entity_name="astbox_0_b",
    type=COMPOUND,
    template_name="om15_static_large_ast04",
    lt_grp=0,
    srt_grp=0,
    usr_flg=0,
    flags=LIT_DYNAMIC,
    spatialprops={
        pos={
            -3321.00, 265.00, -2887.00
        },
        orient={ 
            { -0.0478113,-0.9649529,0.2580311 }, 
            { -0.0212870,0.2592522,0.9655750 },
            { -0.9986295,0.0406727,-0.0329361 }
         }
    },
    userprops={
        category="Solar"
    }
}
,
{
    entity_name="astbox_1_a",
    type=COMPOUND,
    template_name="om15_static_large_ast04",
    lt_grp=0,
    srt_grp=0,
    usr_flg=0,
    flags=LIT_DYNAMIC,
    spatialprops={
        pos={
            -3333.00, -286.00, -2597.00
        },
        orient={ 
            { -0.8318263,-0.5531022,-0.0462934 }, 
            { 0.3193082,-0.5450979,0.7751842 },
            { -0.4539905,0.6300368,0.6300368 }
         }
    },
    userprops={
        category="Solar"
    }
}
,
{
    entity_name="astbox_1_b",
    type=COMPOUND,
    template_name="om15_static_large_ast04",
    lt_grp=0,
    srt_grp=0,
    usr_flg=0,
    flags=LIT_DYNAMIC,
    spatialprops={
        pos={
            -3215.00, 889.00, -2213.00
        },
        orient={ 
            { -0.0999970,0.1561474,-0.9826589 }, 
            { 0.3270755,-0.9275654,-0.1806767 },
            { -0.9396926,-0.3394708,0.0416818 }
         }
    },
    userprops={
        category="Solar"
    }
}
,
{
    entity_name="astbox_2_a",
    type=COMPOUND,
    template_name="om15_static_large_ast02",
    lt_grp=0,
    srt_grp=0,
    usr_flg=0,
    flags=LIT_DYNAMIC,
    spatialprops={
        pos={
            -3039.00, -445.00, -1991.00
        },
        orient={ 
            { -0.5455036,0.7315376,-0.4089970 }, 
            { 0.7790599,0.6225225,0.0743737 },
            { 0.3090170,-0.2780620,-0.9094999 }
         }
    },
    userprops={
        category="Solar"
    }
}
,
{
    entity_name="astbox_2_b",
    type=COMPOUND,
    template_name="om15_static_large_ast02",
    lt_grp=0,
    srt_grp=0,
    usr_flg=0,
    flags=LIT_DYNAMIC,
    spatialprops={
        pos={
            -3356.00, 815.00, -1691.00
        },
        orient={ 
            { -0.1676800,0.2124305,-0.9626820 }, 
            { -0.4869781,0.8312038,0.2682397 },
            { 0.8571673,0.5137835,-0.0359272 }
         }
    },
    userprops={
        category="Solar"
    }
}
,
{
    entity_name="astbox_3_a",
    type=COMPOUND,
    template_name="om15_static_large_ast01",
    lt_grp=0,
    srt_grp=0,
    usr_flg=0,
    flags=LIT_DYNAMIC,
    spatialprops={
        pos={
            -2903.00, -846.00, -1188.00
        },
        orient={ 
            { -0.3375180,0.5575942,-0.7583999 }, 
            { -0.7238096,-0.6688278,-0.1696146 },
            { -0.6018150,0.4916891,0.6293334 }
         }
    },
    userprops={
        category="Solar"
    }
}
,
{
    entity_name="astbox_3_b",
    type=COMPOUND,
    template_name="om15_static_large_ast01",
    lt_grp=0,
    srt_grp=0,
    usr_flg=0,
    flags=LIT_DYNAMIC,
    spatialprops={
        pos={
            -3023.00, 779.00, -1273.00
        },
        orient={ 
            { 0.0346394,-0.1086947,-0.9934715 }, 
            { 0.9919415,-0.1174799,0.0474394 },
            { -0.1218693,-0.9871089,0.1037493 }
         }
    },
    userprops={
        category="Solar"
    }
}
,
{
    entity_name="astbox_4_a",
    type=COMPOUND,
    template_name="om15_static_large_ast02",
    lt_grp=0,
    srt_grp=0,
    usr_flg=0,
    flags=LIT_DYNAMIC,
    spatialprops={
        pos={
            -3216.00, -616.00, -403.00
        },
        orient={ 
            { 0.3195866,0.4337297,0.8424625 }, 
            { -0.9281467,0.3223245,0.1861466 },
            { -0.1908090,-0.8414187,0.5055754 }
         }
    },
    userprops={
        category="Solar"
    }
}
,
{
    entity_name="astbox_4_b",
    type=COMPOUND,
    template_name="om15_static_large_ast02",
    lt_grp=0,
    srt_grp=0,
    usr_flg=0,
    flags=LIT_DYNAMIC,
    spatialprops={
        pos={
            -3272.00, 919.00, -160.00
        },
        orient={ 
            { 0.1207426,-0.1149810,0.9860023 }, 
            { -0.3716074,0.9158123,0.1523017 },
            { -0.9205049,-0.3847950,0.0678497 }
         }
    },
    userprops={
        category="Solar"
    }
}
,
{
    entity_name="astbox_5_a",
    type=COMPOUND,
    template_name="om15_static_large_ast04",
    lt_grp=0,
    srt_grp=0,
    usr_flg=0,
    flags=LIT_DYNAMIC,
    spatialprops={
        pos={
            -3175.00, -699.00, 427.00
        },
        orient={ 
            { -0.1256885,-0.0772774,0.9890554 }, 
            { 0.3868295,-0.9218676,-0.0228698 },
            { 0.9135455,0.3797214,0.1457614 }
         }
    },
    userprops={
        category="Solar"
    }
}
,
{
    entity_name="astbox_5_b",
    type=COMPOUND,
    template_name="om15_static_large_ast04",
    lt_grp=0,
    srt_grp=0,
    usr_flg=0,
    flags=LIT_DYNAMIC,
    spatialprops={
        pos={
            -3402.00, 333.00, 451.00
        },
        orient={ 
            { 0.0685768,0.9548430,0.2890885 }, 
            { 0.0788886,-0.2940533,0.9525278 },
            { 0.9945219,-0.0425156,-0.0954915 }
         }
    },
    userprops={
        category="Solar"
    }
}
,
{
    entity_name="astbox_6_a",
    type=COMPOUND,
    template_name="om15_static_large_ast01",
    lt_grp=0,
    srt_grp=0,
    usr_flg=0,
    flags=LIT_DYNAMIC,
    spatialprops={
        pos={
            -3415.00, -565.00, 974.00
        },
        orient={ 
            { -0.3940054,-0.8391990,0.3748397 }, 
            { -0.8078307,0.5107100,0.2942529 },
            { -0.4383711,-0.1868698,-0.8791532 }
         }
    },
    userprops={
        category="Solar"
    }
}
,
{
    entity_name="astbox_6_b",
    type=COMPOUND,
    template_name="om15_static_large_ast01",
    lt_grp=0,
    srt_grp=0,
    usr_flg=0,
    flags=LIT_DYNAMIC,
    spatialprops={
        pos={
            -2978.00, 713.00, 772.00
        },
        orient={ 
            { -0.3378093,-0.0941553,-0.9364933 }, 
            { -0.9281234,0.1986942,0.3148134 },
            { 0.1564345,0.9755283,-0.1545085 }
         }
    },
    userprops={
        category="Solar"
    }
}
,
{
    entity_name="astbox_7_a",
    type=COMPOUND,
    template_name="om15_static_large_ast01",
    lt_grp=0,
    srt_grp=0,
    usr_flg=0,
    flags=LIT_DYNAMIC,
    spatialprops={
        pos={
            -3079.00, -353.00, 1951.00
        },
        orient={ 
            { -0.6461097,0.4694262,0.6018150 }, 
            { -0.4868786,0.3537380,-0.7986355 },
            { -0.5877853,-0.8090170,-0.0000000 }
         }
    },
    userprops={
        category="Solar"
    }
}
,
{
    entity_name="astbox_7_b",
    type=COMPOUND,
    template_name="om15_static_large_ast01",
    lt_grp=0,
    srt_grp=0,
    usr_flg=0,
    flags=LIT_DYNAMIC,
    spatialprops={
        pos={
            -3271.00, 468.00, 1862.00
        },
        orient={ 
            { 0.6924421,0.6050453,0.3929938 }, 
            { 0.3528169,-0.7591097,0.5470582 },
            { 0.6293204,-0.2401513,-0.7391097 }
         }
    },
    userprops={
        category="Solar"
    }
}
,
{
    entity_name="astbox_8_a",
    type=COMPOUND,
    template_name="om15_static_large_ast04",
    lt_grp=0,
    srt_grp=0,
    usr_flg=0,
    flags=LIT_DYNAMIC,
    spatialprops={
        pos={
            -3166.00, -633.00, 2261.00
        },
        orient={ 
            { -0.6182219,-0.7671273,0.1712231 }, 
            { 0.5374121,-0.2535778,0.8042926 },
            { -0.5735764,0.5892487,0.5690308 }
         }
    },
    userprops={
        category="Solar"
    }
}
,
{
    entity_name="astbox_8_b",
    type=COMPOUND,
    template_name="om15_static_large_ast04",
    lt_grp=0,
    srt_grp=0,
    usr_flg=0,
    flags=LIT_DYNAMIC,
    spatialprops={
        pos={
            -2940.00, 621.00, 2271.00
        },
        orient={ 
            { 0.1902499,-0.6262901,0.7560197 }, 
            { 0.5855289,0.6905114,0.4246763 },
            { -0.7880108,0.3618767,0.4980806 }
         }
    },
    userprops={
        category="Solar"
    }
}
,
{
    entity_name="astbox_9_a",
    type=COMPOUND,
    template_name="om15_static_large_ast02",
    lt_grp=0,
    srt_grp=0,
    usr_flg=0,
    flags=LIT_DYNAMIC,
    spatialprops={
        pos={
            -3423.00, -252.00, 3345.00
        },
        orient={ 
            { -0.1921693,-0.4352544,-0.8795593 }, 
            { -0.3940054,0.8550754,-0.3370547 },
            { 0.8987940,0.2817795,-0.3358118 }
         }
    },
    userprops={
        category="Solar"
    }
}
,
{
    entity_name="astbox_9_b",
    type=COMPOUND,
    template_name="om15_static_large_ast02",
    lt_grp=0,
    srt_grp=0,
    usr_flg=0,
    flags=LIT_DYNAMIC,
    spatialprops={
        pos={
            -3059.00, 266.00, 3390.00
        },
        orient={ 
            { 0.9221046,0.1905701,0.3367582 }, 
            { -0.3725545,0.2021500,0.9057254 },
            { 0.1045285,-0.9606344,0.2574012 }
         }
    },
    userprops={
        category="Solar"
    }
}
,
{
    entity_name="astbox_10_a",
    type=COMPOUND,
    template_name="om15_static_large_ast04",
    lt_grp=0,
    srt_grp=0,
    usr_flg=0,
    flags=LIT_DYNAMIC,
    spatialprops={
        pos={
            -2407.00, -800.00, -3236.00
        },
        orient={ 
            { 0.3286853,-0.7864539,-0.5229304 }, 
            { -0.4872961,-0.6155208,0.6194164 },
            { -0.8090170,0.0512289,-0.5855486 }
         }
    },
    userprops={
        category="Solar"
    }
}
,
{
    entity_name="astbox_10_b",
    type=COMPOUND,
    template_name="om15_static_large_ast04",
    lt_grp=0,
    srt_grp=0,
    usr_flg=0,
    flags=LIT_DYNAMIC,
    spatialprops={
        pos={
            -2656.00, 820.00, -3189.00
        },
        orient={ 
            { -0.5985193,0.5075205,0.6198368 }, 
            { 0.1944707,-0.6585350,0.7269889 },
            { 0.7771460,0.5556569,0.2954480 }
         }
    },
    userprops={
        category="Solar"
    }
}
,
{
    entity_name="astbox_11_a",
    type=COMPOUND,
    template_name="om15_static_large_ast04",
    lt_grp=0,
    srt_grp=0,
    usr_flg=0,
    flags=LIT_DYNAMIC,
    spatialprops={
        pos={
            -2189.00, -472.00, -2397.00
        },
        orient={ 
            { 0.1182493,-0.8659629,0.4859273 }, 
            { -0.9630633,0.0192078,0.2685892 },
            { -0.2419219,-0.4997392,-0.8317058 }
         }
    },
    userprops={
        category="Solar"
    }
}
,
{
    entity_name="astbox_11_b",
    type=COMPOUND,
    template_name="om15_static_large_ast04",
    lt_grp=0,
    srt_grp=0,
    usr_flg=0,
    flags=LIT_DYNAMIC,
    spatialprops={
        pos={
            -2515.00, 475.00, -2531.00
        },
        orient={ 
            { 0.3897793,-0.1392342,-0.9103219 }, 
            { -0.9182625,0.0161144,-0.3956441 },
            { 0.0697565,0.9901284,-0.1215725 }
         }
    },
    userprops={
        category="Solar"
    }
}
,
{
    entity_name="astbox_12_a",
    type=COMPOUND,
    template_name="om15_static_large_ast02",
    lt_grp=0,
    srt_grp=0,
    usr_flg=0,
    flags=LIT_DYNAMIC,
    spatialprops={
        pos={
            -2683.00, -654.00, -1695.00
        },
        orient={ 
            { -0.1164894,0.7446345,0.6572288 }, 
            { -0.4062467,0.5681222,-0.7156820 },
            { -0.9063078,-0.3503664,0.2363251 }
         }
    },
    userprops={
        category="Solar"
    }
}
,
{
    entity_name="astbox_12_b",
    type=COMPOUND,
    template_name="om15_static_large_ast02",
    lt_grp=0,
    srt_grp=0,
    usr_flg=0,
    flags=LIT_DYNAMIC,
    spatialprops={
        pos={
            -2319.00, 253.00, -1869.00
        },
        orient={ 
            { 0.8866703,-0.3338506,0.3199367 }, 
            { 0.2710823,0.9358289,0.2252522 },
            { -0.3746066,-0.1129953,0.9202728 }
         }
    },
    userprops={
        category="Solar"
    }
}
,
{
    entity_name="astbox_13_a",
    type=COMPOUND,
    template_name="om15_static_large_ast04",
    lt_grp=0,
    srt_grp=0,
    usr_flg=0,
    flags=LIT_DYNAMIC,
    spatialprops={
        pos={
            -2408.00, -322.00, -1198.00
        },
        orient={ 
            { 0.1626956,-0.7459857,-0.6457828 }, 
            { -0.4238366,-0.6438806,0.6370089 },
            { -0.8910065,0.1700678,-0.4209327 }
         }
    },
    userprops={
        category="Solar"
    }
}
,
{
    entity_name="astbox_13_b",
    type=COMPOUND,
    template_name="om15_static_large_ast04",
    lt_grp=0,
    srt_grp=0,
    usr_flg=0,
    flags=LIT_DYNAMIC,
    spatialprops={
        pos={
            -2180.00, 577.00, -840.00
        },
        orient={ 
            { 0.4821538,0.5006529,0.7189398 }, 
            { -0.0506764,0.8351904,-0.5476212 },
            { -0.8746197,0.2276043,0.4280615 }
         }
    },
    userprops={
        category="Solar"
    }
}
,
{
    entity_name="astbox_14_a",
    type=COMPOUND,
    template_name="om15_static_large_ast01",
    lt_grp=0,
    srt_grp=0,
    usr_flg=0,
    flags=LIT_DYNAMIC,
    spatialprops={
        pos={
            -2533.00, -779.00, -78.00
        },
        orient={ 
            { -0.8866703,-0.4587365,-0.0581080 }, 
            { 0.2710823,-0.4138824,-0.8690315 },
            { 0.3746066,-0.7862965,0.4913326 }
         }
    },
    userprops={
        category="Solar"
    }
}
,
{
    entity_name="astbox_14_b",
    type=COMPOUND,
    template_name="om15_static_large_ast01",
    lt_grp=0,
    srt_grp=0,
    usr_flg=0,
    flags=LIT_DYNAMIC,
    spatialprops={
        pos={
            -2276.00, 463.00, -415.00
        },
        orient={ 
            { -0.8443670,0.1572962,-0.5121546 }, 
            { -0.2581489,-0.9570932,0.1316503 },
            { -0.4694716,0.2433733,0.8487437 }
         }
    },
    userprops={
        category="Solar"
    }
}
,
{
    entity_name="astbox_15_a",
    type=COMPOUND,
    template_name="om15_static_large_ast04",
    lt_grp=0,
    srt_grp=0,
    usr_flg=0,
    flags=LIT_DYNAMIC,
    spatialprops={
        pos={
            -2448.00, -362.00, 110.00
        },
        orient={ 
            { 0.7646035,0.5831384,0.2744653 }, 
            { 0.5973737,-0.8010706,0.0378226 },
            { 0.2419219,0.1350391,-0.9608529 }
         }
    },
    userprops={
        category="Solar"
    }
}
,
{
    entity_name="astbox_15_b",
    type=COMPOUND,
    template_name="om15_static_large_ast04",
    lt_grp=0,
    srt_grp=0,
    usr_flg=0,
    flags=LIT_DYNAMIC,
    spatialprops={
        pos={
            -2197.00, 916.00, 302.00
        },
        orient={ 
            { 0.0169196,-0.7039066,-0.7100910 }, 
            { -0.4845143,0.6154653,-0.6216497 },
            { 0.8746197,0.3545673,-0.3306394 }
         }
    },
    userprops={
        category="Solar"
    }
}
,
{
    entity_name="astbox_16_a",
    type=COMPOUND,
    template_name="om15_static_large_ast01",
    lt_grp=0,
    srt_grp=0,
    usr_flg=0,
    flags=LIT_DYNAMIC,
    spatialprops={
        pos={
            -2546.00, -505.00, 1238.00
        },
        orient={ 
            { -0.9270426,0.1424742,-0.3468329 }, 
            { 0.0161816,-0.9089327,-0.4166286 },
            { -0.3746066,-0.3918448,0.8403139 }
         }
    },
    userprops={
        category="Solar"
    }
}
,
{
    entity_name="astbox_16_b",
    type=COMPOUND,
    template_name="om15_static_large_ast01",
    lt_grp=0,
    srt_grp=0,
    usr_flg=0,
    flags=LIT_DYNAMIC,
    spatialprops={
        pos={
            -2182.00, 769.00, 888.00
        },
        orient={ 
            { -0.3298794,-0.9439827,0.0087335 }, 
            { 0.8593653,-0.3041129,-0.4111041 },
            { 0.3907311,-0.1281095,0.9115466 }
         }
    },
    userprops={
        category="Solar"
    }
}
,
{
    entity_name="astbox_17_a",
    type=COMPOUND,
    template_name="om15_static_large_ast02",
    lt_grp=0,
    srt_grp=0,
    usr_flg=0,
    flags=LIT_DYNAMIC,
    spatialprops={
        pos={
            -2618.00, -321.00, 1966.00
        },
        orient={ 
            { -0.2844516,0.7559950,0.5895412 }, 
            { 0.1207426,0.6382984,-0.7602607 },
            { -0.9510565,-0.1450747,-0.2728458 }
         }
    },
    userprops={
        category="Solar"
    }
}
,
{
    entity_name="astbox_17_b",
    type=COMPOUND,
    template_name="om15_static_large_ast02",
    lt_grp=0,
    srt_grp=0,
    usr_flg=0,
    flags=LIT_DYNAMIC,
    spatialprops={
        pos={
            -2446.00, 737.00, 1825.00
        },
        orient={ 
            { -0.2974213,0.9346210,-0.1949980 }, 
            { 0.1324205,0.2426485,0.9610341 },
            { 0.9455186,0.2600103,-0.1959318 }
         }
    },
    userprops={
        category="Solar"
    }
}
,
{
    entity_name="astbox_18_a",
    type=COMPOUND,
    template_name="om15_static_large_ast04",
    lt_grp=0,
    srt_grp=0,
    usr_flg=0,
    flags=LIT_DYNAMIC,
    spatialprops={
        pos={
            -2243.00, -612.00, 2317.00
        },
        orient={ 
            { 0.8830222,-0.3499798,0.3127073 }, 
            { -0.3213938,0.0346330,0.9463121 },
            { -0.3420201,-0.9361168,-0.0818996 }
         }
    },
    userprops={
        category="Solar"
    }
}
,
{
    entity_name="astbox_18_b",
    type=COMPOUND,
    template_name="om15_static_large_ast04",
    lt_grp=0,
    srt_grp=0,
    usr_flg=0,
    flags=LIT_DYNAMIC,
    spatialprops={
        pos={
            -2482.00, 295.00, 2622.00
        },
        orient={ 
            { -0.0947103,-0.6020172,-0.7928463 }, 
            { -0.0766949,0.7984718,-0.5971270 },
            { 0.9925462,0.0042532,-0.1217951 }
         }
    },
    userprops={
        category="Solar"
    }
}
,
{
    entity_name="astbox_19_a",
    type=COMPOUND,
    template_name="om15_static_large_ast04",
    lt_grp=0,
    srt_grp=0,
    usr_flg=0,
    flags=LIT_DYNAMIC,
    spatialprops={
        pos={
            -2566.00, -691.00, 3322.00
        },
        orient={ 
            { -0.4405050,-0.1151123,0.8903395 }, 
            { -0.1098302,-0.9773856,-0.1807063 },
            { 0.8910065,-0.1773882,0.4179005 }
         }
    },
    userprops={
        category="Solar"
    }
}
,
{
    entity_name="astbox_19_b",
    type=COMPOUND,
    template_name="om15_static_large_ast04",
    lt_grp=0,
    srt_grp=0,
    usr_flg=0,
    flags=LIT_DYNAMIC,
    spatialprops={
        pos={
            -2420.00, 648.00, 3406.00
        },
        orient={ 
            { 0.3491830,-0.7868567,0.5088494 }, 
            { 0.0806152,-0.5157921,-0.8529125 },
            { 0.9335804,0.3388436,-0.1166732 }
         }
    },
    userprops={
        category="Solar"
    }
}
,
{
    entity_name="astbox_20_a",
    type=COMPOUND,
    template_name="om15_static_large_ast04",
    lt_grp=0,
    srt_grp=0,
    usr_flg=0,
    flags=LIT_DYNAMIC,
    spatialprops={
        pos={
            -1684.00, -402.00, -3203.00
        },
        orient={ 
            { 0.0920195,0.9761366,-0.1966969 }, 
            { 0.1472620,0.1820223,0.9722046 },
            { 0.9848078,-0.1184278,-0.1269982 }
         }
    },
    userprops={
        category="Solar"
    }
}
,
{
    entity_name="astbox_20_b",
    type=COMPOUND,
    template_name="om15_static_large_ast04",
    lt_grp=0,
    srt_grp=0,
    usr_flg=0,
    flags=LIT_DYNAMIC,
    spatialprops={
        pos={
            -1825.00, 834.00, -3393.00
        },
        orient={ 
            { 0.6869987,0.0522493,-0.7247777 }, 
            { 0.4810417,-0.7802723,0.3997175 },
            { -0.5446390,-0.6232537,-0.5611801 }
         }
    },
    userprops={
        category="Solar"
    }
}
,
{
    entity_name="astbox_21_a",
    type=COMPOUND,
    template_name="om15_static_large_ast01",
    lt_grp=0,
    srt_grp=0,
    usr_flg=0,
    flags=LIT_DYNAMIC,
    spatialprops={
        pos={
            -1951.00, -611.00, -2493.00
        },
        orient={ 
            { -0.1894302,0.2974237,0.9357646 }, 
            { 0.4462696,0.8749790,-0.1877636 },
            { -0.8746197,0.3820352,-0.2984786 }
         }
    },
    userprops={
        category="Solar"
    }
}
,
{
    entity_name="astbox_21_b",
    type=COMPOUND,
    template_name="om15_static_large_ast01",
    lt_grp=0,
    srt_grp=0,
    usr_flg=0,
    flags=LIT_DYNAMIC,
    spatialprops={
        pos={
            -1536.00, 286.00, -2633.00
        },
        orient={ 
            { 0.5390870,-0.8384576,-0.0798378 }, 
            { -0.6424589,-0.3480615,-0.6827149 },
            { 0.5446390,0.4193353,-0.7263100 }
         }
    },
    userprops={
        category="Solar"
    }
}
,
{
    entity_name="astbox_22_a",
    type=COMPOUND,
    template_name="om15_static_large_ast04",
    lt_grp=0,
    srt_grp=0,
    usr_flg=0,
    flags=LIT_DYNAMIC,
    spatialprops={
        pos={
            -1639.00, -832.00, -1487.00
        },
        orient={ 
            { -0.0875845,0.2873688,-0.9538072 }, 
            { 0.6231959,0.7627840,0.1725905 },
            { 0.7771460,-0.5792925,-0.2458951 }
         }
    },
    userprops={
        category="Solar"
    }
}
,
{
    entity_name="astbox_22_b",
    type=COMPOUND,
    template_name="om15_static_large_ast04",
    lt_grp=0,
    srt_grp=0,
    usr_flg=0,
    flags=LIT_DYNAMIC,
    spatialprops={
        pos={
            -1777.00, 643.00, -1518.00
        },
        orient={ 
            { -0.0467700,0.8586863,0.5103629 }, 
            { 0.2025829,0.5084584,-0.8369171 },
            { -0.9781476,0.0642482,-0.1977358 }
         }
    },
    userprops={
        category="Solar"
    }
}
,
{
    entity_name="astbox_23_a",
    type=COMPOUND,
    template_name="om15_static_large_ast04",
    lt_grp=0,
    srt_grp=0,
    usr_flg=0,
    flags=LIT_DYNAMIC,
    spatialprops={
        pos={
            -1949.00, -871.00, -802.00
        },
        orient={ 
            { 0.2067021,0.9303013,-0.3030077 }, 
            { -0.1557612,0.3370352,0.9285180 },
            { 0.9659258,-0.1447298,0.2145707 }
         }
    },
    userprops={
        category="Solar"
    }
}
,
{
    entity_name="astbox_23_b",
    type=COMPOUND,
    template_name="om15_static_large_ast04",
    lt_grp=0,
    srt_grp=0,
    usr_flg=0,
    flags=LIT_DYNAMIC,
    spatialprops={
        pos={
            -1689.00, 683.00, -988.00
        },
        orient={ 
            { -0.2998379,0.3804866,0.8748298 }, 
            { -0.9228061,-0.3482245,-0.1648291 },
            { 0.2419219,-0.8567203,0.4555263 }
         }
    },
    userprops={
        category="Solar"
    }
}
,
{
    entity_name="astbox_24_a",
    type=COMPOUND,
    template_name="om15_static_large_ast01",
    lt_grp=0,
    srt_grp=0,
    usr_flg=0,
    flags=LIT_DYNAMIC,
    spatialprops={
        pos={
            -1679.00, -327.00, -238.00
        },
        orient={ 
            { -0.5179825,-0.7967038,-0.3113794 }, 
            { 0.7976231,-0.5813680,0.1606506 },
            { -0.3090170,-0.1651492,0.9366078 }
         }
    },
    userprops={
        category="Solar"
    }
}
,
{
    entity_name="astbox_24_b",
    type=COMPOUND,
    template_name="om15_static_large_ast01",
    lt_grp=0,
    srt_grp=0,
    usr_flg=0,
    flags=LIT_DYNAMIC,
    spatialprops={
        pos={
            -1841.00, 838.00, -181.00
        },
        orient={ 
            { 0.4842753,-0.8698865,0.0936743 }, 
            { -0.2795965,-0.2553225,-0.9255465 },
            { 0.8290376,0.4220282,-0.3668636 }
         }
    },
    userprops={
        category="Solar"
    }
}
,
{
    entity_name="astbox_25_a",
    type=COMPOUND,
    template_name="om15_static_large_ast02",
    lt_grp=0,
    srt_grp=0,
    usr_flg=0,
    flags=LIT_DYNAMIC,
    spatialprops={
        pos={
            -1990.00, -257.00, 220.00
        },
        orient={ 
            { 0.1723666,-0.7500207,0.6385599 }, 
            { 0.1162627,0.6592217,0.7429063 },
            { -0.9781476,-0.0538115,0.2008273 }
         }
    },
    userprops={
        category="Solar"
    }
}
,
{
    entity_name="astbox_25_b",
    type=COMPOUND,
    template_name="om15_static_large_ast02",
    lt_grp=0,
    srt_grp=0,
    usr_flg=0,
    flags=LIT_DYNAMIC,
    spatialprops={
        pos={
            -1499.00, 447.00, 183.00
        },
        orient={ 
            { -0.2739699,-0.6360755,0.7213518 }, 
            { 0.6780993,0.4041248,0.6138929 },
            { -0.6819984,0.6573364,0.3206044 }
         }
    },
    userprops={
        category="Solar"
    }
}
,
{
    entity_name="astbox_26_a",
    type=COMPOUND,
    template_name="om15_static_large_ast04",
    lt_grp=0,
    srt_grp=0,
    usr_flg=0,
    flags=LIT_DYNAMIC,
    spatialprops={
        pos={
            -1856.00, -607.00, 1224.00
        },
        orient={ 
            { -0.7728887,-0.5418720,-0.3301785 }, 
            { -0.6258729,0.7367141,0.2559990 },
            { 0.1045285,0.4045085,-0.9085410 }
         }
    },
    userprops={
        category="Solar"
    }
}
,
{
    entity_name="astbox_26_b",
    type=COMPOUND,
    template_name="om15_static_large_ast04",
    lt_grp=0,
    srt_grp=0,
    usr_flg=0,
    flags=LIT_DYNAMIC,
    spatialprops={
        pos={
            -1993.00, 750.00, 1260.00
        },
        orient={ 
            { -0.3731498,-0.6856819,0.6249796 }, 
            { -0.8002223,0.5787410,0.1571723 },
            { -0.4694716,-0.4414738,-0.7646550 }
         }
    },
    userprops={
        category="Solar"
    }
}
,
{
    entity_name="astbox_27_a",
    type=COMPOUND,
    template_name="om15_static_large_ast01",
    lt_grp=0,
    srt_grp=0,
    usr_flg=0,
    flags=LIT_DYNAMIC,
    spatialprops={
        pos={
            -1572.00, -540.00, 1477.00
        },
        orient={ 
            { -0.9848078,-0.1729874,0.0151344 }, 
            { -0.0000000,0.0871557,0.9961947 },
            { -0.1736482,0.9810603,-0.0858317 }
         }
    },
    userprops={
        category="Solar"
    }
}
,
{
    entity_name="astbox_27_b",
    type=COMPOUND,
    template_name="om15_static_large_ast01",
    lt_grp=0,
    srt_grp=0,
    usr_flg=0,
    flags=LIT_DYNAMIC,
    spatialprops={
        pos={
            -1659.00, 747.00, 2019.00
        },
        orient={ 
            { 0.4929582,0.2191502,-0.8420008 }, 
            { 0.6784987,0.5089709,0.5297056 },
            { 0.5446390,-0.8324192,0.1022082 }
         }
    },
    userprops={
        category="Solar"
    }
}
,
{
    entity_name="astbox_28_a",
    type=COMPOUND,
    template_name="om15_static_large_ast04",
    lt_grp=0,
    srt_grp=0,
    usr_flg=0,
    flags=LIT_DYNAMIC,
    spatialprops={
        pos={
            -1932.00, -778.00, 2387.00
        },
        orient={ 
            { -0.0168756,-0.9131826,-0.4072010 }, 
            { 0.0676844,0.4052815,-0.9116829 },
            { 0.9975641,-0.0429464,0.0549689 }
         }
    },
    userprops={
        category="Solar"
    }
}
,
{
    entity_name="astbox_28_b",
    type=COMPOUND,
    template_name="om15_static_large_ast04",
    lt_grp=0,
    srt_grp=0,
    usr_flg=0,
    flags=LIT_DYNAMIC,
    spatialprops={
        pos={
            -1823.00, 884.00, 2442.00
        },
        orient={ 
