duration=2027

entities={
	{
		entity_name="Scene_m13_csv",
		type=SCENE,
		template_name="",
		template_id=0,
		spatialprops={
			pos={0,0,0},
			orient={
				{1,0,0},
				{0,1,0},
				{0,0,1}
			}
		},
		up=Y_AXIS,
		front=Z_AXIS,
		ambient={
		    0,
		    0,
		    0
		}
	},

	{
		entity_name="Monitor_1",
		type=MONITOR,
		template_name="",
		template_id=0
	},
	{
		entity_name="offscreen",
		type=MARKER,
		template_name="",
		lt_grp=0,
		srt_grp=0,
		usr_flg=0,
		flags=HIDDEN,
		spatialprops={pos={-10000000,-10000,0},orient={ {1,0,0},{0,1,0},{0,0,1} } },
	},

	{
		entity_name="offscreen_back",
		type=MARKER,
		template_name="",
		lt_grp=0,
		srt_grp=0,
		usr_flg=0,
		flags=HIDDEN,
		spatialprops={pos={0,-10000,-10000000},orient={ {1,0,0},{0,1,0},{0,0,1} } },
	},

    

	{
    entity_name="automarker_default_point",
    type=MARKER,
    template_name="",lt_grp=0,srt_grp=0,usr_flg=0,
    spatialprops={
        pos={ 0.00, 0.00, 0.00 },
        orient={ 
            { 1.0000000,0.0000000,0.0000000 },
            { 0.0000000,1.0000000,0.0000000 },
            { 0.0000000,0.0000000,1.0000000 }
         }
    }
}
,
{
    entity_name="automarker_offscreen_point",
    type=MARKER,
    template_name="",lt_grp=0,srt_grp=0,usr_flg=0,
    spatialprops={
        pos={ 0.00, -10000.00, 0.00 },
        orient={ 
            { 1.0000000,0.0000000,0.0000000 },
            { 0.0000000,1.0000000,0.0000000 },
            { 0.0000000,0.0000000,1.0000000 }
         }
    }
}
,
{
    entity_name="automarker_shiplook",
    type=MARKER,
    template_name="",lt_grp=0,srt_grp=0,usr_flg=0,
    spatialprops={
        pos={ 41.73, 15.24, 27.66 },
        orient={ 
            { 1.0000000,0.0000000,0.0000000 },
            { 0.0000000,1.0000000,0.0000000 },
            { 0.0000000,0.0000000,1.0000000 }
         }
    }
}
,
{
    entity_name="automarker_cam_dbg",
    type=MARKER,
    template_name="",lt_grp=0,srt_grp=0,usr_flg=0,
    spatialprops={
        pos={ 15.48, 17.16, -24.58 },
        orient={ 
            { 1.0000000,0.0000000,0.0000000 },
            { 0.0000000,1.0000000,0.0000000 },
            { 0.0000000,0.0000000,1.0000000 }
         }
    }
}
,
{
    entity_name="automarker_cam_dbg_focus",
    type=MARKER,
    template_name="",lt_grp=0,srt_grp=0,usr_flg=0,
    spatialprops={
        pos={ -0.08, -0.01, -0.25 },
        orient={ 
            { 1.0000000,0.0000000,0.0000000 },
            { 0.0000000,1.0000000,0.0000000 },
            { 0.0000000,0.0000000,1.0000000 }
         }
    }
}
,
{
    entity_name="automarker_ship",
    type=MARKER,
    template_name="",lt_grp=0,srt_grp=0,usr_flg=0,
    spatialprops={
        pos={ 0.33, 0.05, 0.07 },
        orient={ 
            { 1.0000000,0.0000000,0.0000000 },
            { 0.0000000,1.0000000,0.0000000 },
            { 0.0000000,0.0000000,1.0000000 }
         }
    }
}
,
{
    entity_name="automarker_cam_dbg2",
    type=MARKER,
    template_name="",lt_grp=0,srt_grp=0,usr_flg=0,
    spatialprops={
        pos={ -101.24, 10.88, -12.52 },
        orient={ 
            { 1.0000000,0.0000000,0.0000000 },
            { 0.0000000,1.0000000,0.0000000 },
            { 0.0000000,0.0000000,1.0000000 }
         }
    }
}
,
{
    entity_name="automarker_bh",
    type=MARKER,
    template_name="",lt_grp=0,srt_grp=0,usr_flg=0,
    spatialprops={
        pos={ 0.33, -8.78, 535.81 },
        orient={ 
            { 1.0000000,0.0000000,0.0000000 },
            { 0.0000000,0.8660254,-0.5000000 },
            { 0.0000000,0.5000000,0.8660254 }
         }
    }
}
,
{
    entity_name="automarker_csv_test",
    type=MARKER,
    template_name="",lt_grp=0,srt_grp=0,usr_flg=0,
    spatialprops={
        pos={ -35.84, 0.00, -0.00 },
        orient={ 
            { 1.0000000,0.0000000,0.0000000 },
            { 0.0000000,1.0000000,0.0000000 },
            { 0.0000000,0.0000000,1.0000000 }
         }
    }
}
,
{
    entity_name="automarker_csv_test2",
    type=MARKER,
    template_name="",lt_grp=0,srt_grp=0,usr_flg=0,
    spatialprops={
        pos={ -35.84, 0.00, -80.13 },
        orient={ 
            { 1.0000000,0.0000000,0.0000000 },
            { 0.0000000,1.0000000,0.0000000 },
            { 0.0000000,0.0000000,1.0000000 }
         }
    }
}
,
{
    entity_name="automarker_csv_launch",
    type=MARKER,
    template_name="",lt_grp=0,srt_grp=0,usr_flg=0,
    spatialprops={
        pos={ -486.86, -12.65, -1653.69 },
        orient={ 
            { 0.8660254,-0.0000000,-0.5000000 },
            { 0.0000000,1.0000000,-0.0000000 },
            { 0.5000000,0.0000000,0.8660254 }
         }
    }
}
,
{
    entity_name="automarker_logos_launch",
    type=MARKER,
    template_name="",lt_grp=0,srt_grp=0,usr_flg=0,
    spatialprops={
        pos={ -517.79, 20.27, -1708.67 },
        orient={ 
            { -0.8660254,0.0000000,0.5000000 },
            { 0.0000000,1.0000000,0.0000000 },
            { -0.5000000,0.0000000,-0.8660254 }
         }
    }
}
,
{
    entity_name="automarker_logos_start",
    type=MARKER,
    template_name="",lt_grp=0,srt_grp=0,usr_flg=0,
    spatialprops={
        pos={ -1298.52, 20.27, -2942.76 },
        orient={ 
            { -0.8660254,0.0000000,0.5000000 },
            { 0.0000000,1.0000000,0.0000000 },
            { -0.5000000,0.0000000,-0.8660254 }
         }
    }
}
,
{
    entity_name="automarker_cam_start",
    type=MARKER,
    template_name="",lt_grp=0,srt_grp=0,usr_flg=0,
    spatialprops={
        pos={ -1052.62, 4.94, -2882.78 },
        orient={ 
            { 1.0000000,0.0000000,0.0000000 },
            { 0.0000000,1.0000000,0.0000000 },
            { 0.0000000,0.0000000,1.0000000 }
         }
    }
}
,
{
    entity_name="automarker_cam_start_focus",
    type=MARKER,
    template_name="",lt_grp=0,srt_grp=0,usr_flg=0,
    spatialprops={
        pos={ -778.71, -0.01, -2257.14 },
        orient={ 
            { 1.0000000,0.0000000,0.0000000 },
            { 0.0000000,1.0000000,0.0000000 },
            { 0.0000000,0.0000000,1.0000000 }
         }
    }
}
,
{
    entity_name="automarker_cam_launch",
    type=MARKER,
    template_name="",lt_grp=0,srt_grp=0,usr_flg=0,
    spatialprops={
        pos={ -287.18, 30.88, -1606.32 },
        orient={ 
            { 1.0000000,0.0000000,0.0000000 },
            { 0.0000000,1.0000000,0.0000000 },
            { 0.0000000,0.0000000,1.0000000 }
         }
    }
}
,
{
    entity_name="automarker_cam_launch_focus",
    type=MARKER,
    template_name="",lt_grp=0,srt_grp=0,usr_flg=0,
    spatialprops={
        pos={ -481.48, -28.21, -1652.94 },
        orient={ 
            { 1.0000000,0.0000000,0.0000000 },
            { 0.0000000,1.0000000,0.0000000 },
            { 0.0000000,0.0000000,1.0000000 }
         }
    }
}
,
{
    entity_name="automarker_cam_launch2",
    type=MARKER,
    template_name="",lt_grp=0,srt_grp=0,usr_flg=0,
    spatialprops={
        pos={ -287.18, -15.75, -1606.32 },
        orient={ 
            { 1.0000000,0.0000000,0.0000000 },
            { 0.0000000,1.0000000,0.0000000 },
            { 0.0000000,0.0000000,1.0000000 }
         }
    }
}
,
{
    entity_name="automarker_csv_launch2",
    type=MARKER,
    template_name="",lt_grp=0,srt_grp=0,usr_flg=0,
    spatialprops={
        pos={ -486.86, -38.44, -1653.69 },
        orient={ 
            { 0.8660254,-0.0000000,-0.5000000 },
            { 0.0000000,1.0000000,-0.0000000 },
            { 0.5000000,0.0000000,0.8660254 }
         }
    }
}
,
{
    entity_name="automarker_cam_xdbg",
    type=MARKER,
    template_name="",lt_grp=0,srt_grp=0,usr_flg=0,
    spatialprops={
        pos={ -470.98, 51.40, -1656.31 },
        orient={ 
            { 1.0000000,0.0000000,0.0000000 },
            { 0.0000000,1.0000000,0.0000000 },
            { 0.0000000,0.0000000,1.0000000 }
         }
    }
}
,
{
    entity_name="automarker_cam_xdbg_focus",
    type=MARKER,
    template_name="",lt_grp=0,srt_grp=0,usr_flg=0,
    spatialprops={
        pos={ -481.48, -28.21, -1652.94 },
        orient={ 
            { 1.0000000,0.0000000,0.0000000 },
            { 0.0000000,1.0000000,0.0000000 },
            { 0.0000000,0.0000000,1.0000000 }
         }
    }
}
,
{
    entity_name="automarker_cam_launch3",
    type=MARKER,
    template_name="",lt_grp=0,srt_grp=0,usr_flg=0,
    spatialprops={
        pos={ -287.18, -36.20, -1606.32 },
        orient={ 
            { 1.0000000,0.0000000,0.0000000 },
            { 0.0000000,1.0000000,0.0000000 },
            { 0.0000000,0.0000000,1.0000000 }
         }
    }
}
,
{
    entity_name="automarker_cam_launch_focus3",
    type=MARKER,
    template_name="",lt_grp=0,srt_grp=0,usr_flg=0,
    spatialprops={
        pos={ -481.48, -45.27, -1652.94 },
        orient={ 
            { 1.0000000,0.0000000,0.0000000 },
            { 0.0000000,1.0000000,0.0000000 },
            { 0.0000000,0.0000000,1.0000000 }
         }
    }
}
,
{
    entity_name="automarker_csv_alt",
    type=MARKER,
    template_name="",lt_grp=0,srt_grp=0,usr_flg=0,
    spatialprops={
        pos={ -1.25, -9.20, -0.00 },
        orient={ 
            { 1.0000000,0.0000000,0.0000000 },
            { 0.0000000,1.0000000,0.0000000 },
            { 0.0000000,0.0000000,1.0000000 }
         }
    }
}
,
{
    entity_name="automarker_cam_dbg3",
    type=MARKER,
    template_name="",lt_grp=0,srt_grp=0,usr_flg=0,
    spatialprops={
        pos={ 31.65, 14.17, -21.41 },
        orient={ 
            { 1.0000000,0.0000000,0.0000000 },
            { 0.0000000,1.0000000,0.0000000 },
            { 0.0000000,0.0000000,1.0000000 }
         }
    }
}
,
{
    entity_name="cam_dbg",
    type=CAMERA,
    template_name="", lt_grp=0, srt_grp=0, usr_flg=0,
    flags=HIDDEN,
    spatialprops={
        pos={ 15.48, 17.16, -24.58 },
        orient={ 
            { 1.0000000,0.0000000,0.0000000 },
            { 0.0000000,1.0000000,0.0000000 },
            { 0.0000000,0.0000000,1.0000000 }
         }
    },
    cameraprops={
        fovh=30,
        hvaspect=1.85,
        nearplane=0.2,
        farplane=30000
    }
}
,
{
    entity_name="cam_dbg3",
    type=CAMERA,
    template_name="", lt_grp=0, srt_grp=0, usr_flg=0,
    flags=HIDDEN,
    spatialprops={
        pos={ 31.65, 14.17, -21.41 },
        orient={ 
            { -0.3297241,-0.3027900,-0.8942037 },
            { -0.4188201,0.8957798,-0.1488901 },
            { 0.8460920,0.3254178,-0.4221748 }
         }
    },
    cameraprops={
        fovh=35,
        hvaspect=1.85,
        nearplane=0.2,
        farplane=30000
    }
}
,
{
    entity_name="cam_xdbg",
    type=CAMERA,
    template_name="", lt_grp=0, srt_grp=0, usr_flg=0,
    flags=HIDDEN,
    spatialprops={
        pos={ -470.98, 51.40, -1656.31 },
        orient={ 
            { 1.0000000,0.0000000,0.0000000 },
            { 0.0000000,1.0000000,0.0000000 },
            { 0.0000000,0.0000000,1.0000000 }
         }
    },
    cameraprops={
        fovh=30,
        hvaspect=1.85,
        nearplane=0.2,
        farplane=30000
    }
}
,
{
    entity_name="cam_start",
    type=CAMERA,
    template_name="", lt_grp=0, srt_grp=0, usr_flg=0,
    flags=HIDDEN,
    spatialprops={
        pos={ -1052.62, 4.94, -2882.78 },
        orient={ 
            { 1.0000000,0.0000000,0.0000000 },
            { 0.0000000,1.0000000,0.0000000 },
            { 0.0000000,0.0000000,1.0000000 }
         }
    },
    cameraprops={
        fovh=30,
        hvaspect=1.85,
        nearplane=0.2,
        farplane=30000
    }
}
,
{
    entity_name="cam_launch",
    type=CAMERA,
    template_name="", lt_grp=0, srt_grp=0, usr_flg=0,
    flags=HIDDEN,
    spatialprops={
        pos={ -287.18, 30.88, -1606.32 },
        orient={ 
            { 1.0000000,0.0000000,0.0000000 },
            { 0.0000000,1.0000000,0.0000000 },
            { 0.0000000,0.0000000,1.0000000 }
         }
    },
    cameraprops={
        fovh=25,
        hvaspect=1.85,
        nearplane=0.2,
        farplane=30000
    }
}
,
{
    entity_name="depot_open_sound",
    template_name="depot_open_sound",
    type=SOUND,lt_grp=0, srt_grp=0, usr_flg=0,
    
    spatialprops={
        pos={0,0,0},
        orient={
            {1,0,0},{0,1,0},{0,0,1}
        }
    },
    audioprops={attenuation=-6,pan=0,dmin=50,dmax=300,ain=360,aout=360,atout=0,rmix=0},
    userprops={category="Audio"  , Priority="Story_Sound_1"  }
}
,
{
    entity_name="depot_close_sound",
    template_name="depot_close_sound",
    type=SOUND,lt_grp=0, srt_grp=0, usr_flg=0,
    
    spatialprops={
        pos={0,0,0},
        orient={
            {1,0,0},{0,1,0},{0,0,1}
        }
    },
    audioprops={attenuation=-6,pan=0,dmin=50,dmax=300,ain=360,aout=360,atout=0,rmix=0},
    userprops={category="Audio"  , Priority="Story_Sound_1"  }
}
,
{
    entity_name="scene_bg1",
    type=COMPOUND,
    template_name="om13_nebula",
    lt_grp=100,
    srt_grp=-100,
    usr_flg=1,
    flags=LIT_DYNAMIC,
    spatialprops={
        pos={
            0.00, 0.00, 0.00
        },
        orient={ 
            { -1.0000000,-0.0000000,-0.0000000 }, 
            { 0.0000000,1.0000000,-0.0000000 },
            { 0.0000000,0.0000000,-1.0000000 }
         }
    },
    userprops={
        category="Prop"
    }
}
,
{
    entity_name="scene_bg2",
    type=COMPOUND,
    template_name="new_generic",
    lt_grp=100,
    srt_grp=-100,
    usr_flg=1,
    flags=LIT_DYNAMIC,
    spatialprops={
        pos={
            0.00, 0.00, 0.00
        },
        orient={ 
            { 1.0000000,0.0000000,0.0000000 }, 
            { 0.0000000,1.0000000,0.0000000 },
            { 0.0000000,0.0000000,1.0000000 }
         }
    },
    userprops={
        category="Prop"
    }
}
,
{
    entity_name="astbox_0_a",
    type=COMPOUND,
    template_name="om15_static_large_ast04",
    lt_grp=0,
    srt_grp=0,
    usr_flg=0,
    flags=LIT_DYNAMIC,
    spatialprops={
        pos={
            -3365.00, -368.00, -3262.00
        },
        orient={ 
            { 0.3148312,0.8404423,-0.4410646 }, 
            { -0.1336379,0.4993170,0.8560510 },
            { 0.9396926,-0.2105686,0.2695156 }
         }
    },
    userprops={
        category="Solar"
    }
}
,
{
    entity_name="astbox_0_b",
    type=COMPOUND,
    template_name="om15_static_large_ast04",
    lt_grp=0,
    srt_grp=0,
    usr_flg=0,
    flags=LIT_DYNAMIC,
    spatialprops={
        pos={
            -3004.00, 312.00, -2901.00
        },
        orient={ 
            { 0.0933573,-0.8690146,0.4858991 }, 
            { -0.0783361,0.4801064,0.8737055 },
            { -0.9925462,-0.1196303,-0.0232538 }
         }
    },
    userprops={
        category="Solar"
    }
}
,
{
    entity_name="astbox_1_a",
    type=COMPOUND,
    template_name="om15_static_large_ast01",
    lt_grp=0,
    srt_grp=0,
    usr_flg=0,
    flags=LIT_DYNAMIC,
    spatialprops={
        pos={
            -3078.00, -532.00, -2435.00
        },
        orient={ 
            { 0.2033683,0.6062913,-0.7687991 }, 
            { 0.0432273,-0.7900024,-0.6115779 },
            { -0.9781476,0.0911425,-0.1868698 }
         }
    },
    userprops={
        category="Solar"
    }
}
,
{
    entity_name="astbox_1_b",
    type=COMPOUND,
    template_name="om15_static_large_ast01",
    lt_grp=0,
    srt_grp=0,
    usr_flg=0,
    flags=LIT_DYNAMIC,
    spatialprops={
        pos={
            -2961.00, 665.00, -2381.00
        },
        orient={ 
            { -0.3215599,0.9297537,0.1793244 }, 
            { -0.9338777,-0.2801143,-0.2222801 },
            { -0.1564345,-0.2389434,0.9583498 }
         }
    },
    userprops={
        category="Solar"
    }
}
,
{
    entity_name="astbox_2_a",
    type=COMPOUND,
    template_name="om15_static_large_ast04",
    lt_grp=0,
    srt_grp=0,
    usr_flg=0,
    flags=LIT_DYNAMIC,
    spatialprops={
        pos={
            -2897.00, -827.00, -1955.00
        },
        orient={ 
            { 0.9510565,-0.1859711,-0.2467919 }, 
            { 0.0000000,-0.7986355,0.6018150 },
            { -0.3090170,-0.5723601,-0.7595475 }
         }
    },
    userprops={
        category="Solar"
    }
}
,
{
    entity_name="astbox_2_b",
    type=COMPOUND,
    template_name="om15_static_large_ast04",
    lt_grp=0,
    srt_grp=0,
    usr_flg=0,
    flags=LIT_DYNAMIC,
    spatialprops={
        pos={
            -3224.00, 704.00, -1556.00
        },
        orient={ 
            { 0.1386435,-0.8550727,-0.4996285 }, 
            { 0.9864998,0.0748430,0.1456595 },
            { -0.0871557,-0.5130782,0.8539055 }
         }
    },
    userprops={
        category="Solar"
    }
}
,
{
    entity_name="astbox_3_a",
    type=COMPOUND,
    template_name="om15_static_large_ast02",
    lt_grp=0,
    srt_grp=0,
    usr_flg=0,
    flags=LIT_DYNAMIC,
    spatialprops={
        pos={
            -3269.00, -453.00, -1081.00
        },
        orient={ 
            { -0.9649803,-0.1941615,0.1763923 }, 
            { 0.2405966,-0.3871462,0.8900736 },
            { -0.1045285,0.9013429,0.4203031 }
         }
    },
    userprops={
        category="Solar"
    }
}
,
{
    entity_name="astbox_3_b",
    type=COMPOUND,
    template_name="om15_static_large_ast02",
    lt_grp=0,
    srt_grp=0,
    usr_flg=0,
    flags=LIT_DYNAMIC,
    spatialprops={
        pos={
            -3429.00, 422.00, -794.00
        },
        orient={ 
            { -0.4287137,0.4494279,0.7837214 }, 
            { 0.6860853,0.7263522,-0.0412248 },
            { -0.5877853,0.5200261,-0.6197430 }
         }
    },
    userprops={
        category="Solar"
    }
}
,
{
    entity_name="astbox_4_a",
    type=COMPOUND,
    template_name="om15_static_large_ast04",
    lt_grp=0,
    srt_grp=0,
    usr_flg=0,
    flags=LIT_DYNAMIC,
    spatialprops={
        pos={
            -2870.00, -477.00, -524.00
        },
        orient={ 
            { 0.5108481,0.0564093,0.8578183 }, 
            { 0.2274442,0.9534192,-0.1981436 },
            { -0.8290376,0.2963271,0.4742225 }
         }
    },
    userprops={
        category="Solar"
    }
}
,
{
    entity_name="astbox_4_b",
    type=COMPOUND,
    template_name="om15_static_large_ast04",
    lt_grp=0,
    srt_grp=0,
    usr_flg=0,
    flags=LIT_DYNAMIC,
    spatialprops={
        pos={
            -3245.00, 929.00, -161.00
        },
        orient={ 
            { -0.0307623,0.5153528,-0.8564258 }, 
            { 0.0423407,0.8567341,0.5140175 },
            { 0.9986295,-0.0204493,-0.0481755 }
         }
    },
    userprops={
        category="Solar"
    }
}
,
{
    entity_name="astbox_5_a",
    type=COMPOUND,
    template_name="om15_static_large_ast01",
    lt_grp=0,
    srt_grp=0,
    usr_flg=0,
    flags=LIT_DYNAMIC,
    spatialprops={
        pos={
            -2929.00, -358.00, 263.00
        },
        orient={ 
            { 0.1677313,0.6771911,0.7164346 }, 
            { 0.9512512,-0.3019714,0.0627242 },
            { 0.2588190,0.6709885,-0.6948289 }
         }
    },
    userprops={
        category="Solar"
    }
}
,
{
    entity_name="astbox_5_b",
    type=COMPOUND,
    template_name="om15_static_large_ast01",
    lt_grp=0,
    srt_grp=0,
    usr_flg=0,
    flags=LIT_DYNAMIC,
    spatialprops={
        pos={
            -3315.00, 341.00, 159.00
        },
        orient={ 
            { -0.8824172,-0.3938048,0.2574059 }, 
            { 0.3928774,-0.9178029,-0.0573156 },
            { 0.2588190,0.0505527,0.9646021 }
         }
    },
    userprops={
        category="Solar"
    }
}
,
{
    entity_name="astbox_6_a",
    type=COMPOUND,
    template_name="om15_static_large_ast04",
    lt_grp=0,
    srt_grp=0,
    usr_flg=0,
    flags=LIT_DYNAMIC,
    spatialprops={
        pos={
            -3185.00, -396.00, 827.00
        },
        orient={ 
            { -0.0174099,-0.6945455,0.7192381 }, 
            { 0.0012174,0.7193319,0.6946655 },
            { -0.9998477,0.0129697,-0.0116779 }
         }
    },
    userprops={
        category="Solar"
    }
}
,
{
    entity_name="astbox_6_b",
    type=COMPOUND,
    template_name="om15_static_large_ast04",
    lt_grp=0,
    srt_grp=0,
    usr_flg=0,
    flags=LIT_DYNAMIC,
    spatialprops={
        pos={
            -2949.00, 836.00, 1251.00
        },
        orient={ 
            { 0.1581878,0.9559329,0.2473235 }, 
            { -0.1066990,0.2655594,-0.9581720 },
            { -0.9816272,0.1251820,0.1440054 }
         }
    },
    userprops={
        category="Solar"
    }
}
,
{
    entity_name="astbox_7_a",
    type=COMPOUND,
    template_name="om15_static_large_ast01",
    lt_grp=0,
    srt_grp=0,
    usr_flg=0,
    flags=LIT_DYNAMIC,
    spatialprops={
        pos={
            -3343.00, -273.00, 1876.00
        },
        orient={ 
            { 0.1388341,0.3132204,-0.9394775 }, 
            { -0.9878558,0.1106245,-0.1091013 },
            { 0.0697565,0.9432153,0.3247751 }
         }
    },
    userprops={
        category="Solar"
    }
}
,
{
    entity_name="astbox_7_b",
    type=COMPOUND,
    template_name="om15_static_large_ast01",
    lt_grp=0,
    srt_grp=0,
    usr_flg=0,
    flags=LIT_DYNAMIC,
    spatialprops={
        pos={
            -2963.00, 388.00, 2020.00
        },
        orient={ 
            { 0.6040228,-0.3914009,0.6942347 }, 
            { 0.2198463,0.9191272,0.3269140 },
            { -0.7660444,-0.0448386,0.6412218 }
         }
    },
    userprops={
        category="Solar"
    }
}
,
{
    entity_name="astbox_8_a",
    type=COMPOUND,
    template_name="om15_static_large_ast01",
    lt_grp=0,
    srt_grp=0,
    usr_flg=0,
    flags=LIT_DYNAMIC,
    spatialprops={
        pos={
            -3205.00, -797.00, 2523.00
        },
        orient={ 
            { -0.8305087,0.3498095,0.4334612 }, 
            { 0.5393386,0.6994714,0.4688855 },
            { -0.1391731,0.6231959,-0.7695828 }
         }
    },
    userprops={
        category="Solar"
    }
}
,
{
    entity_name="astbox_8_b",
    type=COMPOUND,
    template_name="om15_static_large_ast01",
    lt_grp=0,
    srt_grp=0,
    usr_flg=0,
    flags=LIT_DYNAMIC,
    spatialprops={
        pos={
            -2948.00, 495.00, 2181.00
        },
        orient={ 
            { 0.2461515,0.9691520,0.0124051 }, 
            { -0.9186501,0.2373671,-0.3158147 },
            { -0.3090170,0.0663423,0.9487398 }
         }
    },
    userprops={
        category="Solar"
    }
}
,
{
    entity_name="astbox_9_a",
    type=COMPOUND,
    template_name="om15_static_large_ast04",
    lt_grp=0,
    srt_grp=0,
    usr_flg=0,
    flags=LIT_DYNAMIC,
    spatialprops={
        pos={
            -3229.00, -252.00, 3097.00
        },
        orient={ 
            { 0.4280615,-0.3718594,-0.8237014 }, 
            { 0.2276043,0.9264069,-0.2999442 },
            { 0.8746197,-0.0590834,0.4811959 }
         }
    },
    userprops={
        category="Solar"
    }
}
,
{
    entity_name="astbox_9_b",
    type=COMPOUND,
    template_name="om15_static_large_ast04",
    lt_grp=0,
    srt_grp=0,
    usr_flg=0,
    flags=LIT_DYNAMIC,
    spatialprops={
        pos={
            -3153.00, 702.00, 3147.00
        },
        orient={ 
            { -0.2848782,-0.1570127,-0.9456169 }, 
            { 0.0657693,0.9809671,-0.1826961 },
            { 0.9563048,-0.1142387,-0.2691296 }
         }
    },
    userprops={
        category="Solar"
    }
}
,
{
    entity_name="astbox_10_a",
    type=COMPOUND,
    template_name="om15_static_large_ast02",
    lt_grp=0,
    srt_grp=0,
    usr_flg=0,
    flags=LIT_DYNAMIC,
    spatialprops={
        pos={
            -2457.00, -928.00, -2975.00
        },
        orient={ 
            { 0.1758671,0.5957634,-0.7836688 }, 
            { -0.3307580,-0.7140344,-0.6170527 },
            { -0.9271839,0.3677240,0.0714783 }
         }
    },
    userprops={
        category="Solar"
    }
}
,
{
    entity_name="astbox_10_b",
    type=COMPOUND,
    template_name="om15_static_large_ast02",
    lt_grp=0,
    srt_grp=0,
    usr_flg=0,
    flags=LIT_DYNAMIC,
    spatialprops={
        pos={
            -2335.00, 764.00, -3108.00
        },
        orient={ 
            { -0.4640331,-0.8816335,0.0859983 }, 
            { -0.3371398,0.0859983,-0.9375186 },
            { 0.8191520,-0.4640331,-0.3371398 }
         }
    },
    userprops={
        category="Solar"
    }
}
,
{
    entity_name="astbox_11_a",
    type=COMPOUND,
    template_name="om15_static_large_ast02",
    lt_grp=0,
    srt_grp=0,
    usr_flg=0,
    flags=LIT_DYNAMIC,
    spatialprops={
        pos={
            -2509.00, -685.00, -2476.00
        },
        orient={ 
            { 0.5025704,0.7768356,0.3794068 }, 
            { 0.4217066,0.1628282,-0.8919924 },
            { -0.7547096,0.6082873,-0.2457640 }
         }
    },
    userprops={
        category="Solar"
    }
}
,
{
    entity_name="astbox_11_b",
    type=COMPOUND,
    template_name="om15_static_large_ast02",
    lt_grp=0,
    srt_grp=0,
    usr_flg=0,
    flags=LIT_DYNAMIC,
    spatialprops={
        pos={
            -2274.00, 506.00, -2429.00
        },
        orient={ 
            { -0.5735569,0.0136795,0.8190515 }, 
            { 0.3446277,0.9111002,0.2261154 },
            { -0.7431448,0.4119579,-0.5272821 }
         }
    },
    userprops={
        category="Solar"
    }
}
,
{
    entity_name="astbox_12_a",
    type=COMPOUND,
    template_name="om15_static_large_ast04",
    lt_grp=0,
    srt_grp=0,
    usr_flg=0,
    flags=LIT_DYNAMIC,
    spatialprops={
        pos={
            -2362.00, -562.00, -1853.00
        },
        orient={ 
            { -0.4179005,-0.8565253,0.3028589 }, 
            { 0.1773882,0.2500179,0.9518532 },
            { -0.8910065,0.4515035,0.0474549 }
         }
    },
    userprops={
        category="Solar"
    }
}
,
{
    entity_name="astbox_12_b",
    type=COMPOUND,
    template_name="om15_static_large_ast04",
    lt_grp=0,
    srt_grp=0,
    usr_flg=0,
    flags=LIT_DYNAMIC,
    spatialprops={
        pos={
            -2343.00, 761.00, -1585.00
        },
        orient={ 
            { 0.6268925,-0.5047572,-0.5934863 }, 
            { 0.3766750,0.8631670,-0.3362420 },
            { 0.6819984,-0.0127639,0.7312423 }
         }
    },
    userprops={
        category="Solar"
    }
}
,
{
    entity_name="astbox_13_a",
    type=COMPOUND,
    template_name="om15_static_large_ast04",
    lt_grp=0,
    srt_grp=0,
    usr_flg=0,
    flags=LIT_DYNAMIC,
    spatialprops={
        pos={
            -2678.00, -338.00, -817.00
        },
        orient={ 
            { -0.8067073,0.5909508,-0.0007417 }, 
            { 0.5648625,0.7707242,-0.2948128 },
            { -0.1736482,-0.2382466,-0.9555548 }
         }
    },
    userprops={
        category="Solar"
    }
}
,
{
    entity_name="astbox_13_b",
    type=COMPOUND,
    template_name="om15_static_large_ast04",
    lt_grp=0,
    srt_grp=0,
    usr_flg=0,
    flags=LIT_DYNAMIC,
    spatialprops={
        pos={
            -2402.00, 487.00, -980.00
        },
        orient={ 
            { -0.3213938,-0.9142674,-0.2466193 }, 
            { 0.8830222,-0.3834210,0.2706660 },
            { -0.3420201,-0.1307799,0.9305476 }
         }
    },
    userprops={
        category="Solar"
    }
}
,
{
    entity_name="astbox_14_a",
    type=COMPOUND,
    template_name="om15_static_large_ast01",
    lt_grp=0,
    srt_grp=0,
    usr_flg=0,
    flags=LIT_DYNAMIC,
    spatialprops={
        pos={
            -2294.00, -673.00, -508.00
        },
        orient={ 
            { -0.1011134,-0.8892657,-0.4460747 }, 
            { 0.5201832,0.3349441,-0.7856347 },
            { 0.8480481,-0.3114787,0.4287137 }
         }
    },
    userprops={
        category="Solar"
    }
}
,
{
    entity_name="astbox_14_b",
    type=COMPOUND,
    template_name="om15_static_large_ast01",
    lt_grp=0,
    srt_grp=0,
    usr_flg=0,
    flags=LIT_DYNAMIC,
    spatialprops={
        pos={
            -2356.00, 387.00, -541.00
        },
        orient={ 
            { 0.4061792,-0.0053401,0.9137778 }, 
            { -0.9122935,0.0549025,0.4058403 },
            { -0.0523360,-0.9984774,0.0174285 }
         }
    },
    userprops={
        category="Solar"
    }
}
,
{
    entity_name="astbox_15_a",
    type=COMPOUND,
    template_name="om15_static_large_ast01",
    lt_grp=0,
    srt_grp=0,
    usr_flg=0,
    flags=LIT_DYNAMIC,
    spatialprops={
        pos={
            -2405.00, -822.00, 543.00
        },
        orient={ 
            { 0.1804134,0.5017305,0.8460009 }, 
            { 0.0621213,0.8525851,-0.5188830 },
            { -0.9816272,0.1461682,0.1226497 }
         }
    },
    userprops={
        category="Solar"
    }
}
,
{
    entity_name="astbox_15_b",
    type=COMPOUND,
    template_name="om15_static_large_ast01",
    lt_grp=0,
    srt_grp=0,
    usr_flg=0,
    flags=LIT_DYNAMIC,
    spatialprops={
        pos={
            -2380.00, 915.00, 125.00
        },
        orient={ 
            { 0.9549942,-0.2965929,0.0043363 }, 
            { -0.0500491,-0.1755271,-0.9832016 },
            { 0.2923717,0.9387347,-0.1824715 }
         }
    },
    userprops={
        category="Solar"
    }
}
,
{
    entity_name="astbox_16_a",
    type=COMPOUND,
    template_name="om15_static_large_ast04",
    lt_grp=0,
    srt_grp=0,
    usr_flg=0,
    flags=LIT_DYNAMIC,
    spatialprops={
        pos={
            -2386.00, -526.00, 939.00
        },
        orient={ 
            { -0.0927525,-0.6526478,0.7519627 }, 
            { 0.3461569,-0.7292459,-0.5902338 },
            { 0.9335804,0.2055514,0.2935578 }
         }
    },
    userprops={
        category="Solar"
    }
}
,
{
    entity_name="astbox_16_b",
    type=COMPOUND,
    template_name="om15_static_large_ast04",
    lt_grp=0,
    srt_grp=0,
    usr_flg=0,
    flags=LIT_DYNAMIC,
    spatialprops={
        pos={
            -2370.00, 522.00, 835.00
        },
        orient={ 
            { -0.5855486,0.6354956,-0.5032676 }, 
            { -0.8059384,-0.3896289,0.4457046 },
            { 0.0871557,0.6665844,0.7403169 }
         }
    },
    userprops={
        category="Solar"
    }
}
,
{
    entity_name="astbox_17_a",
    type=COMPOUND,
    template_name="om15_static_large_ast01",
    lt_grp=0,
    srt_grp=0,
    usr_flg=0,
    flags=LIT_DYNAMIC,
    spatialprops={
        pos={
            -2282.00, -462.00, 1883.00
        },
        orient={ 
            { 0.7362490,-0.5155271,0.4383711 }, 
            { 0.3590926,-0.2514394,-0.8987940 },
            { 0.5735764,0.8191520,-0.0000000 }
         }
    },
    userprops={
        category="Solar"
    }
}
,
{
    entity_name="astbox_17_b",
    type=COMPOUND,
    template_name="om15_static_large_ast01",
    lt_grp=0,
    srt_grp=0,
    usr_flg=0,
    flags=LIT_DYNAMIC,
    spatialprops={
        pos={
            -2341.00, 420.00, 1873.00
        },
        orient={ 
            { -0.0048105,-0.1743118,-0.9846788 }, 
            { -0.2755954,0.9467870,-0.1662577 },
            { 0.9612617,0.2705731,-0.0525941 }
         }
    },
    userprops={
        category="Solar"
    }
}
,
{
    entity_name="astbox_18_a",
    type=COMPOUND,
    template_name="om15_static_large_ast02",
    lt_grp=0,
    srt_grp=0,
    usr_flg=0,
    flags=LIT_DYNAMIC,
    spatialprops={
        pos={
            -2601.00, -898.00, 2552.00
        },
        orient={ 
            { -0.2696140,-0.0069211,0.9629436 }, 
            { -0.9402558,-0.2140094,-0.2647999 },
            { 0.2079117,-0.9768071,0.0511923 }
         }
    },
    userprops={
        category="Solar"
    }
}
,
{
    entity_name="astbox_18_b",
    type=COMPOUND,
    template_name="om15_static_large_ast02",
    lt_grp=0,
    srt_grp=0,
    usr_flg=0,
    flags=LIT_DYNAMIC,
    spatialprops={
        pos={
            -2690.00, 330.00, 2312.00
        },
        orient={ 
            { 0.5650154,-0.6731761,0.4770654 }, 
            { 0.7776770,0.6276689,-0.0353575 },
            { -0.2756374,0.3909804,0.8781563 }
         }
    },
    userprops={
        category="Solar"
    }
}
,
{
    entity_name="astbox_19_a",
    type=COMPOUND,
    template_name="om15_static_large_ast01",
    lt_grp=0,
    srt_grp=0,
    usr_flg=0,
    flags=LIT_DYNAMIC,
    spatialprops={
        pos={
            -2536.00, -863.00, 3203.00
        },
        orient={ 
            { -0.1056081,-0.3641032,-0.9253517 }, 
            { -0.4574390,0.8440403,-0.2799028 },
            { 0.8829476,0.3937320,-0.2556925 }
         }
    },
    userprops={
        category="Solar"
    }
}
,
{
    entity_name="astbox_19_b",
    type=COMPOUND,
    template_name="om15_static_large_ast01",
    lt_grp=0,
    srt_grp=0,
    usr_flg=0,
    flags=LIT_DYNAMIC,
    spatialprops={
        pos={
            -2685.00, 508.00, 3030.00
        },
        orient={ 
            { -0.5321392,0.7033184,-0.4713504 }, 
            { -0.5510463,-0.7103721,-0.4378578 },
            { -0.6427876,0.0267346,0.7655778 }
         }
    },
    userprops={
        category="Solar"
    }
}
,
{
    entity_name="astbox_20_a",
    type=COMPOUND,
    template_name="om15_static_large_ast04",
    lt_grp=0,
    srt_grp=0,
    usr_flg=0,
    flags=LIT_DYNAMIC,
    spatialprops={
        pos={
            -1694.00, -423.00, -2976.00
        },
        orient={ 
            { 0.0722554,-0.4403385,-0.8949196 }, 
            { 0.8258828,0.5294740,-0.1938423 },
            { 0.5591929,-0.7250926,0.4019254 }
         }
    },
    userprops={
        category="Solar"
    }
}
,
{
    entity_name="astbox_20_b",
    type=COMPOUND,
    template_name="om15_static_large_ast04",
    lt_grp=0,
    srt_grp=0,
    usr_flg=0,
    flags=LIT_DYNAMIC,
    spatialprops={
        pos={
            -2026.00, 440.00, -3005.00
        },
        orient={ 
            { -0.5363647,-0.5849378,-0.6084082 }, 
            { 0.0945756,-0.7579903,0.6453729 },
            { -0.8386706,0.2886147,0.4618801 }
         }
    },
    userprops={
        category="Solar"
    }
}
,
{
    entity_name="astbox_21_a",
    type=COMPOUND,
    template_name="om15_static_large_ast02",
    lt_grp=0,
    srt_grp=0,
    usr_flg=0,
    flags=LIT_DYNAMIC,
    spatialprops={
        pos={
            -1883.00, -806.00, -2534.00
        },
        orient={ 
            { -0.7404820,-0.1462325,-0.6559745 }, 
            { -0.5579932,0.6778004,0.4787799 },
            { 0.3746066,0.7205572,-0.5834957 }
         }
    },
    userprops={
        category="Solar"
    }
}
,
{
    entity_name="astbox_21_b",
    type=COMPOUND,
    template_name="om15_static_large_ast02",
    lt_grp=0,
    srt_grp=0,
    usr_flg=0,
    flags=LIT_DYNAMIC,
    spatialprops={
        pos={
            -1642.00, 748.00, -2719.00
        },
        orient={ 
            { 0.6409365,0.2466119,-0.7268996 }, 
            { 0.3265734,0.7693949,0.5489820 },
            { 0.6946584,-0.5892487,0.4125964 }
         }
    },
    userprops={
        category="Solar"
    }
}
,
{
    entity_name="astbox_22_a",
    type=COMPOUND,
    template_name="om15_static_large_ast01",
    lt_grp=0,
    srt_grp=0,
    usr_flg=0,
    flags=LIT_DYNAMIC,
    spatialprops={
        pos={
            -1667.00, -278.00, -1776.00
        },
        orient={ 
            { -0.2336786,-0.7615995,0.6044506 }, 
            { 0.0626140,0.6085846,0.7910147 },
            { -0.9702957,0.2226903,-0.0945264 }
         }
    },
    userprops={
        category="Solar"
    }
}
,
{
    entity_name="astbox_22_b",
    type=COMPOUND,
    template_name="om15_static_large_ast01",
    lt_grp=0,
    srt_grp=0,
    usr_flg=0,
    flags=LIT_DYNAMIC,
    spatialprops={
        pos={
            -1671.00, 267.00, -2026.00
        },
        orient={ 
            { -0.7223495,0.3297247,0.6078592 }, 
            { 0.6736018,0.5343376,0.5106309 },
            { -0.1564345,0.7783090,-0.6080817 }
         }
    },
    userprops={
        category="Solar"
    }
}
,
{
    entity_name="astbox_23_a",
    type=COMPOUND,
    template_name="om15_static_large_ast04",
    lt_grp=0,
    srt_grp=0,
    usr_flg=0,
    flags=LIT_DYNAMIC,
    spatialprops={
        pos={
            -1989.00, -607.00, -1249.00
        },
        orient={ 
            { -0.6559591,0.7430282,-0.1327659 }, 
            { 0.7545946,0.6414921,-0.1381115 },
            { -0.0174524,-0.1907799,-0.9814777 }
         }
    },
    userprops={
        category="Solar"
    }
}
,
{
    entity_name="astbox_23_b",
    type=COMPOUND,
    template_name="om15_static_large_ast04",
    lt_grp=0,
    srt_grp=0,
    usr_flg=0,
    flags=LIT_DYNAMIC,
    spatialprops={
        pos={
            -1645.00, 587.00, -1009.00
        },
        orient={ 
            { -0.0348782,-0.9974906,0.0616119 }, 
            { 0.4987820,0.0360483,0.8659775 },
            { -0.8660254,0.0609347,0.4962731 }
         }
    },
    userprops={
        category="Solar"
    }
}
,
{
    entity_name="astbox_24_a",
    type=COMPOUND,
    template_name="om15_static_large_ast01",
    lt_grp=0,
    srt_grp=0,
    usr_flg=0,
    flags=LIT_DYNAMIC,
    spatialprops={
        pos={
            -1563.00, -301.00, -233.00
        },
        orient={ 
            { -0.7595475,-0.4707616,-0.4488553 }, 
            { -0.2467919,0.8470403,-0.4707616 },
            { 0.6018150,-0.2467919,-0.7595475 }
         }
    },
    userprops={
        category="Solar"
    }
}
,
{
    entity_name="astbox_24_b",
    type=COMPOUND,
    template_name="om15_static_large_ast01",
    lt_grp=0,
    srt_grp=0,
    usr_flg=0,
    flags=LIT_DYNAMIC,
    spatialprops={
        pos={
            -1676.00, 507.00, -237.00
        },
        orient={ 
            { -0.0911425,0.7185670,-0.6894596 }, 
            { 0.4287917,0.6531906,0.6240831 },
            { 0.8987940,-0.2387540,-0.3676490 }
         }
    },
    userprops={
        category="Solar"
    }
}
,
{
    entity_name="astbox_25_a",
    type=COMPOUND,
    template_name="om15_static_large_ast01",
    lt_grp=0,
    srt_grp=0,
    usr_flg=0,
    flags=LIT_DYNAMIC,
    spatialprops={
        pos={
            -1558.00, -835.00, 466.00
        },
        orient={ 
            { -0.1782151,-0.9604369,-0.2140100 }, 
            { -0.1070824,-0.1972701,0.9744834 },
            { -0.9781476,0.1965844,-0.0676894 }
         }
    },
    userprops={
        category="Solar"
    }
}
,
{
    entity_name="astbox_25_b",
    type=COMPOUND,
    template_name="om15_static_large_ast01",
    lt_grp=0,
    srt_grp=0,
    usr_flg=0,
    flags=LIT_DYNAMIC,
    spatialprops={
        pos={
            -1701.00, 893.00, 326.00
        },
        orient={ 
            { 0.7426921,0.0348995,0.6687230 }, 
            { 0.0259354,-0.9993908,0.0233523 },
            { 0.6691306,-0.0000000,-0.7431448 }
         }
    },
    userprops={
        category="Solar"
    }
}
,
{
    entity_name="astbox_26_a",
    type=COMPOUND,
    template_name="om15_static_large_ast02",
    lt_grp=0,
    srt_grp=0,
    usr_flg=0,
    flags=LIT_DYNAMIC,
    spatialprops={
        pos={
            -1940.00, -653.00, 983.00
        },
        orient={ 
            { -0.9266810,0.3704050,0.0637377 }, 
            { 0.2139412,0.3804176,0.8997286 },
            { 0.3090170,0.8473976,-0.4317706 }
         }
    },
    userprops={
        category="Solar"
    }
}
,
{
    entity_name="astbox_26_b",
    type=COMPOUND,
    template_name="om15_static_large_ast02",
    lt_grp=0,
    srt_grp=0,
    usr_flg=0,
    flags=LIT_DYNAMIC,
    spatialprops={
        pos={
            -1685.00, 390.00, 1132.00
        },
        orient={ 
            { 0.5874272,0.7931641,-0.1606861 }, 
            { 0.8085242,-0.5837583,0.0742625 },
            { -0.0348995,-0.1735424,-0.9842078 }
         }
    },
    userprops={
        category="Solar"
    }
}
,
{
    entity_name="astbox_27_a",
    type=COMPOUND,
    template_name="om15_static_large_ast04",
    lt_grp=0,
    srt_grp=0,
    usr_flg=0,
    flags=LIT_DYNAMIC,
    spatialprops={
        pos={
            -1642.00, -655.00, 1789.00
        },
        orient={ 
            { -0.8743548,0.3226100,-0.3625278 }, 
            { 0.1228826,0.8698747,0.4777215 },
            { 0.4694716,0.3731498,-0.8002223 }
         }
    },
    userprops={
        category="Solar"
    }
}
,
{
    entity_name="astbox_27_b",
    type=COMPOUND,
    template_name="om15_static_large_ast04",
