duration=2027

entities={
	{
		entity_name="Scene_m13_csv",
		type=SCENE,
		template_name="",
		template_id=0,
		spatialprops={
			pos={0,0,0},
			orient={
				{1,0,0},
				{0,1,0},
				{0,0,1}
			}
		},
		up=Y_AXIS,
		front=Z_AXIS,
		ambient={
		    0,
		    0,
		    0
		}
	},

	{
		entity_name="Monitor_1",
		type=MONITOR,
		template_name="",
		template_id=0
	},
	{
		entity_name="offscreen",
		type=MARKER,
		template_name="",
		lt_grp=0,
		srt_grp=0,
		usr_flg=0,
		flags=HIDDEN,
		spatialprops={pos={-10000000,-10000,0},orient={ {1,0,0},{0,1,0},{0,0,1} } },
	},

	{
		entity_name="offscreen_back",
		type=MARKER,
		template_name="",
		lt_grp=0,
		srt_grp=0,
		usr_flg=0,
		flags=HIDDEN,
		spatialprops={pos={0,-10000,-10000000},orient={ {1,0,0},{0,1,0},{0,0,1} } },
	},

    

	{
    entity_name="automarker_default_point",
    type=MARKER,
    template_name="",lt_grp=0,srt_grp=0,usr_flg=0,
    spatialprops={
        pos={ 0.00, 0.00, 0.00 },
        orient={ 
            { 1.0000000,0.0000000,0.0000000 },
            { 0.0000000,1.0000000,0.0000000 },
            { 0.0000000,0.0000000,1.0000000 }
         }
    }
}
,
{
    entity_name="automarker_offscreen_point",
    type=MARKER,
    template_name="",lt_grp=0,srt_grp=0,usr_flg=0,
    spatialprops={
        pos={ 0.00, -10000.00, 0.00 },
        orient={ 
            { 1.0000000,0.0000000,0.0000000 },
            { 0.0000000,1.0000000,0.0000000 },
            { 0.0000000,0.0000000,1.0000000 }
         }
    }
}
,
{
    entity_name="automarker_shiplook",
    type=MARKER,
    template_name="",lt_grp=0,srt_grp=0,usr_flg=0,
    spatialprops={
        pos={ 41.73, 15.24, 27.66 },
        orient={ 
            { 1.0000000,0.0000000,0.0000000 },
            { 0.0000000,1.0000000,0.0000000 },
            { 0.0000000,0.0000000,1.0000000 }
         }
    }
}
,
{
    entity_name="automarker_cam_dbg",
    type=MARKER,
    template_name="",lt_grp=0,srt_grp=0,usr_flg=0,
    spatialprops={
        pos={ 15.48, 17.16, -24.58 },
        orient={ 
            { 1.0000000,0.0000000,0.0000000 },
            { 0.0000000,1.0000000,0.0000000 },
            { 0.0000000,0.0000000,1.0000000 }
         }
    }
}
,
{
    entity_name="automarker_cam_dbg_focus",
    type=MARKER,
    template_name="",lt_grp=0,srt_grp=0,usr_flg=0,
    spatialprops={
        pos={ -0.08, -0.01, -0.25 },
        orient={ 
            { 1.0000000,0.0000000,0.0000000 },
            { 0.0000000,1.0000000,0.0000000 },
            { 0.0000000,0.0000000,1.0000000 }
         }
    }
}
,
{
    entity_name="automarker_ship",
    type=MARKER,
    template_name="",lt_grp=0,srt_grp=0,usr_flg=0,
    spatialprops={
        pos={ 0.33, 0.05, 0.07 },
        orient={ 
            { 1.0000000,0.0000000,0.0000000 },
            { 0.0000000,1.0000000,0.0000000 },
            { 0.0000000,0.0000000,1.0000000 }
         }
    }
}
,
{
    entity_name="automarker_cam_dbg2",
    type=MARKER,
    template_name="",lt_grp=0,srt_grp=0,usr_flg=0,
    spatialprops={
        pos={ -101.24, 10.88, -12.52 },
        orient={ 
            { 1.0000000,0.0000000,0.0000000 },
            { 0.0000000,1.0000000,0.0000000 },
            { 0.0000000,0.0000000,1.0000000 }
         }
    }
}
,
{
    entity_name="automarker_bh",
    type=MARKER,
    template_name="",lt_grp=0,srt_grp=0,usr_flg=0,
    spatialprops={
        pos={ 0.33, -8.78, 535.81 },
        orient={ 
            { 1.0000000,0.0000000,0.0000000 },
            { 0.0000000,0.8660254,-0.5000000 },
            { 0.0000000,0.5000000,0.8660254 }
         }
    }
}
,
{
    entity_name="automarker_csv_test",
    type=MARKER,
    template_name="",lt_grp=0,srt_grp=0,usr_flg=0,
    spatialprops={
        pos={ -35.84, 0.00, -0.00 },
        orient={ 
            { 1.0000000,0.0000000,0.0000000 },
            { 0.0000000,1.0000000,0.0000000 },
            { 0.0000000,0.0000000,1.0000000 }
         }
    }
}
,
{
    entity_name="automarker_csv_test2",
    type=MARKER,
    template_name="",lt_grp=0,srt_grp=0,usr_flg=0,
    spatialprops={
        pos={ -35.84, 0.00, -80.13 },
        orient={ 
            { 1.0000000,0.0000000,0.0000000 },
            { 0.0000000,1.0000000,0.0000000 },
            { 0.0000000,0.0000000,1.0000000 }
         }
    }
}
,
{
    entity_name="automarker_csv_launch",
    type=MARKER,
    template_name="",lt_grp=0,srt_grp=0,usr_flg=0,
    spatialprops={
        pos={ -486.86, -12.65, -1653.69 },
        orient={ 
            { 0.8660254,-0.0000000,-0.5000000 },
            { 0.0000000,1.0000000,-0.0000000 },
            { 0.5000000,0.0000000,0.8660254 }
         }
    }
}
,
{
    entity_name="automarker_logos_launch",
    type=MARKER,
    template_name="",lt_grp=0,srt_grp=0,usr_flg=0,
    spatialprops={
        pos={ -517.79, 20.27, -1708.67 },
        orient={ 
            { -0.8660254,0.0000000,0.5000000 },
            { 0.0000000,1.0000000,0.0000000 },
            { -0.5000000,0.0000000,-0.8660254 }
         }
    }
}
,
{
    entity_name="automarker_logos_start",
    type=MARKER,
    template_name="",lt_grp=0,srt_grp=0,usr_flg=0,
    spatialprops={
        pos={ -1298.52, 20.27, -2942.76 },
        orient={ 
            { -0.8660254,0.0000000,0.5000000 },
            { 0.0000000,1.0000000,0.0000000 },
            { -0.5000000,0.0000000,-0.8660254 }
         }
    }
}
,
{
    entity_name="automarker_cam_start",
    type=MARKER,
    template_name="",lt_grp=0,srt_grp=0,usr_flg=0,
    spatialprops={
        pos={ -1052.62, 4.94, -2882.78 },
        orient={ 
            { 1.0000000,0.0000000,0.0000000 },
            { 0.0000000,1.0000000,0.0000000 },
            { 0.0000000,0.0000000,1.0000000 }
         }
    }
}
,
{
    entity_name="automarker_cam_start_focus",
    type=MARKER,
    template_name="",lt_grp=0,srt_grp=0,usr_flg=0,
    spatialprops={
        pos={ -778.71, -0.01, -2257.14 },
        orient={ 
            { 1.0000000,0.0000000,0.0000000 },
            { 0.0000000,1.0000000,0.0000000 },
            { 0.0000000,0.0000000,1.0000000 }
         }
    }
}
,
{
    entity_name="automarker_cam_launch",
    type=MARKER,
    template_name="",lt_grp=0,srt_grp=0,usr_flg=0,
    spatialprops={
        pos={ -287.18, 30.88, -1606.32 },
        orient={ 
            { 1.0000000,0.0000000,0.0000000 },
            { 0.0000000,1.0000000,0.0000000 },
            { 0.0000000,0.0000000,1.0000000 }
         }
    }
}
,
{
    entity_name="automarker_cam_launch_focus",
    type=MARKER,
    template_name="",lt_grp=0,srt_grp=0,usr_flg=0,
    spatialprops={
        pos={ -481.48, -28.21, -1652.94 },
        orient={ 
            { 1.0000000,0.0000000,0.0000000 },
            { 0.0000000,1.0000000,0.0000000 },
            { 0.0000000,0.0000000,1.0000000 }
         }
    }
}
,
{
    entity_name="automarker_cam_launch2",
    type=MARKER,
    template_name="",lt_grp=0,srt_grp=0,usr_flg=0,
    spatialprops={
        pos={ -287.18, -15.75, -1606.32 },
        orient={ 
            { 1.0000000,0.0000000,0.0000000 },
            { 0.0000000,1.0000000,0.0000000 },
            { 0.0000000,0.0000000,1.0000000 }
         }
    }
}
,
{
    entity_name="automarker_csv_launch2",
    type=MARKER,
    template_name="",lt_grp=0,srt_grp=0,usr_flg=0,
    spatialprops={
        pos={ -486.86, -38.44, -1653.69 },
        orient={ 
            { 0.8660254,-0.0000000,-0.5000000 },
            { 0.0000000,1.0000000,-0.0000000 },
            { 0.5000000,0.0000000,0.8660254 }
         }
    }
}
,
{
    entity_name="automarker_cam_xdbg",
    type=MARKER,
    template_name="",lt_grp=0,srt_grp=0,usr_flg=0,
    spatialprops={
        pos={ -470.98, 51.40, -1656.31 },
        orient={ 
            { 1.0000000,0.0000000,0.0000000 },
            { 0.0000000,1.0000000,0.0000000 },
            { 0.0000000,0.0000000,1.0000000 }
         }
    }
}
,
{
    entity_name="automarker_cam_xdbg_focus",
    type=MARKER,
    template_name="",lt_grp=0,srt_grp=0,usr_flg=0,
    spatialprops={
        pos={ -481.48, -28.21, -1652.94 },
        orient={ 
            { 1.0000000,0.0000000,0.0000000 },
            { 0.0000000,1.0000000,0.0000000 },
            { 0.0000000,0.0000000,1.0000000 }
         }
    }
}
,
{
    entity_name="automarker_cam_launch3",
    type=MARKER,
    template_name="",lt_grp=0,srt_grp=0,usr_flg=0,
    spatialprops={
        pos={ -287.18, -36.20, -1606.32 },
        orient={ 
            { 1.0000000,0.0000000,0.0000000 },
            { 0.0000000,1.0000000,0.0000000 },
            { 0.0000000,0.0000000,1.0000000 }
         }
    }
}
,
{
    entity_name="automarker_cam_launch_focus3",
    type=MARKER,
    template_name="",lt_grp=0,srt_grp=0,usr_flg=0,
    spatialprops={
        pos={ -481.48, -45.27, -1652.94 },
        orient={ 
            { 1.0000000,0.0000000,0.0000000 },
            { 0.0000000,1.0000000,0.0000000 },
            { 0.0000000,0.0000000,1.0000000 }
         }
    }
}
,
{
    entity_name="automarker_csv_alt",
    type=MARKER,
    template_name="",lt_grp=0,srt_grp=0,usr_flg=0,
    spatialprops={
        pos={ -1.25, -9.20, -0.00 },
        orient={ 
            { 1.0000000,0.0000000,0.0000000 },
            { 0.0000000,1.0000000,0.0000000 },
            { 0.0000000,0.0000000,1.0000000 }
         }
    }
}
,
{
    entity_name="automarker_cam_dbg3",
    type=MARKER,
    template_name="",lt_grp=0,srt_grp=0,usr_flg=0,
    spatialprops={
        pos={ 31.65, 14.17, -21.41 },
        orient={ 
            { 1.0000000,0.0000000,0.0000000 },
            { 0.0000000,1.0000000,0.0000000 },
            { 0.0000000,0.0000000,1.0000000 }
         }
    }
}
,
{
    entity_name="cam_dbg",
    type=CAMERA,
    template_name="", lt_grp=0, srt_grp=0, usr_flg=0,
    flags=HIDDEN,
    spatialprops={
        pos={ 15.48, 17.16, -24.58 },
        orient={ 
            { 1.0000000,0.0000000,0.0000000 },
            { 0.0000000,1.0000000,0.0000000 },
            { 0.0000000,0.0000000,1.0000000 }
         }
    },
    cameraprops={
        fovh=30,
        hvaspect=1.85,
        nearplane=0.2,
        farplane=30000
    }
}
,
{
    entity_name="cam_dbg3",
    type=CAMERA,
    template_name="", lt_grp=0, srt_grp=0, usr_flg=0,
    flags=HIDDEN,
    spatialprops={
        pos={ 31.65, 14.17, -21.41 },
        orient={ 
            { -0.3297241,-0.3027900,-0.8942037 },
            { -0.4188201,0.8957798,-0.1488901 },
            { 0.8460920,0.3254178,-0.4221748 }
         }
    },
    cameraprops={
        fovh=35,
        hvaspect=1.85,
        nearplane=0.2,
        farplane=30000
    }
}
,
{
    entity_name="cam_xdbg",
    type=CAMERA,
    template_name="", lt_grp=0, srt_grp=0, usr_flg=0,
    flags=HIDDEN,
    spatialprops={
        pos={ -470.98, 51.40, -1656.31 },
        orient={ 
            { 1.0000000,0.0000000,0.0000000 },
            { 0.0000000,1.0000000,0.0000000 },
            { 0.0000000,0.0000000,1.0000000 }
         }
    },
    cameraprops={
        fovh=30,
        hvaspect=1.85,
        nearplane=0.2,
        farplane=30000
    }
}
,
{
    entity_name="cam_start",
    type=CAMERA,
    template_name="", lt_grp=0, srt_grp=0, usr_flg=0,
    flags=HIDDEN,
    spatialprops={
        pos={ -1052.62, 4.94, -2882.78 },
        orient={ 
            { 1.0000000,0.0000000,0.0000000 },
            { 0.0000000,1.0000000,0.0000000 },
            { 0.0000000,0.0000000,1.0000000 }
         }
    },
    cameraprops={
        fovh=30,
        hvaspect=1.85,
        nearplane=0.2,
        farplane=30000
    }
}
,
{
    entity_name="cam_launch",
    type=CAMERA,
    template_name="", lt_grp=0, srt_grp=0, usr_flg=0,
    flags=HIDDEN,
    spatialprops={
        pos={ -287.18, 30.88, -1606.32 },
        orient={ 
            { 1.0000000,0.0000000,0.0000000 },
            { 0.0000000,1.0000000,0.0000000 },
            { 0.0000000,0.0000000,1.0000000 }
         }
    },
    cameraprops={
        fovh=25,
        hvaspect=1.85,
        nearplane=0.2,
        farplane=30000
    }
}
,
{
    entity_name="depot_open_sound",
    template_name="depot_open_sound",
    type=SOUND,lt_grp=0, srt_grp=0, usr_flg=0,
    
    spatialprops={
        pos={0,0,0},
        orient={
            {1,0,0},{0,1,0},{0,0,1}
        }
    },
    audioprops={attenuation=-6,pan=0,dmin=50,dmax=300,ain=360,aout=360,atout=0,rmix=0},
    userprops={category="Audio"  , Priority="Story_Sound_1"  }
}
,
{
    entity_name="depot_close_sound",
    template_name="depot_close_sound",
    type=SOUND,lt_grp=0, srt_grp=0, usr_flg=0,
    
    spatialprops={
        pos={0,0,0},
        orient={
            {1,0,0},{0,1,0},{0,0,1}
        }
    },
    audioprops={attenuation=-6,pan=0,dmin=50,dmax=300,ain=360,aout=360,atout=0,rmix=0},
    userprops={category="Audio"  , Priority="Story_Sound_1"  }
}
,
{
    entity_name="scene_bg1",
    type=COMPOUND,
    template_name="om13_nebula",
    lt_grp=100,
    srt_grp=-100,
    usr_flg=1,
    flags=LIT_DYNAMIC,
    spatialprops={
        pos={
            0.00, 0.00, 0.00
        },
        orient={ 
            { -1.0000000,-0.0000000,-0.0000000 }, 
            { 0.0000000,1.0000000,-0.0000000 },
            { 0.0000000,0.0000000,-1.0000000 }
         }
    },
    userprops={
        category="Prop"
    }
}
,
{
    entity_name="scene_bg2",
    type=COMPOUND,
    template_name="new_generic",
    lt_grp=100,
    srt_grp=-100,
    usr_flg=1,
    flags=LIT_DYNAMIC,
    spatialprops={
        pos={
            0.00, 0.00, 0.00
        },
        orient={ 
            { 1.0000000,0.0000000,0.0000000 }, 
            { 0.0000000,1.0000000,0.0000000 },
            { 0.0000000,0.0000000,1.0000000 }
         }
    },
    userprops={
        category="Prop"
    }
}
,
{
    entity_name="astbox_0_a",
    type=COMPOUND,
    template_name="om15_static_large_ast04",
    lt_grp=0,
    srt_grp=0,
    usr_flg=0,
    flags=LIT_DYNAMIC,
    spatialprops={
        pos={
            -3146.00, -297.00, -3416.00
        },
        orient={ 
            { -0.5038303,-0.4654099,-0.7277009 }, 
            { 0.3027318,-0.8841450,0.3558666 },
            { -0.8090170,-0.0410018,0.5863534 }
         }
    },
    userprops={
        category="Solar"
    }
}
,
{
    entity_name="astbox_0_b",
    type=COMPOUND,
    template_name="om15_static_large_ast04",
    lt_grp=0,
    srt_grp=0,
    usr_flg=0,
    flags=LIT_DYNAMIC,
    spatialprops={
        pos={
            -3177.00, 532.00, -3429.00
        },
        orient={ 
            { -0.4301089,0.7575910,-0.4909809 }, 
            { -0.5125838,-0.6526251,-0.5579771 },
            { -0.7431448,0.0116779,0.6690287 }
         }
    },
    userprops={
        category="Solar"
    }
}
,
{
    entity_name="astbox_1_a",
    type=COMPOUND,
    template_name="om15_static_large_ast04",
    lt_grp=0,
    srt_grp=0,
    usr_flg=0,
    flags=LIT_DYNAMIC,
    spatialprops={
        pos={
            -3129.00, -769.00, -2449.00
        },
        orient={ 
            { 0.0285042,-0.1569892,0.9871889 }, 
            { -0.0438926,-0.9868342,-0.1556654 },
            { 0.9986295,-0.0388932,-0.0350196 }
         }
    },
    userprops={
        category="Solar"
    }
}
,
{
    entity_name="astbox_1_b",
    type=COMPOUND,
    template_name="om15_static_large_ast04",
    lt_grp=0,
    srt_grp=0,
    usr_flg=0,
    flags=LIT_DYNAMIC,
    spatialprops={
        pos={
            -3400.00, 528.00, -2425.00
        },
        orient={ 
            { -0.2276043,0.9450733,-0.2345907 }, 
            { -0.4280615,-0.3134951,-0.8476345 },
            { -0.8746197,-0.0925060,0.4759023 }
         }
    },
    userprops={
        category="Solar"
    }
}
,
{
    entity_name="astbox_2_a",
    type=COMPOUND,
    template_name="om15_static_large_ast02",
    lt_grp=0,
    srt_grp=0,
    usr_flg=0,
    flags=LIT_DYNAMIC,
    spatialprops={
        pos={
            -3404.00, -766.00, -1659.00
        },
        orient={ 
            { -0.6979723,0.4578620,-0.5506333 }, 
            { 0.1740240,0.8543022,0.4897789 },
            { 0.6946584,0.2460287,-0.6759583 }
         }
    },
    userprops={
        category="Solar"
    }
}
,
{
    entity_name="astbox_2_b",
    type=COMPOUND,
    template_name="om15_static_large_ast02",
    lt_grp=0,
    srt_grp=0,
    usr_flg=0,
    flags=LIT_DYNAMIC,
    spatialprops={
        pos={
            -3312.00, 867.00, -1528.00
        },
        orient={ 
            { -0.6021688,-0.7420823,0.2944599 }, 
            { 0.6457470,-0.6696002,-0.3669420 },
            { 0.4694716,-0.0308144,0.8824097 }
         }
    },
    userprops={
        category="Solar"
    }
}
,
{
    entity_name="astbox_3_a",
    type=COMPOUND,
    template_name="om15_static_large_ast04",
    lt_grp=0,
    srt_grp=0,
    usr_flg=0,
    flags=LIT_DYNAMIC,
    spatialprops={
        pos={
            -3057.00, -418.00, -945.00
        },
        orient={ 
            { -0.8100936,0.5167278,0.2770213 }, 
            { -0.2170639,0.1745874,-0.9604179 },
            { -0.5446390,-0.8381597,-0.0292692 }
         }
    },
    userprops={
        category="Solar"
    }
}
,
{
    entity_name="astbox_3_b",
    type=COMPOUND,
    template_name="om15_static_large_ast04",
    lt_grp=0,
    srt_grp=0,
    usr_flg=0,
    flags=LIT_DYNAMIC,
    spatialprops={
        pos={
            -3383.00, 616.00, -1120.00
        },
        orient={ 
            { 0.9907374,-0.0086839,-0.1355135 }, 
            { -0.1041307,0.5919357,-0.7992302 },
            { 0.0871557,0.8059384,0.5855486 }
         }
    },
    userprops={
        category="Solar"
    }
}
,
{
    entity_name="astbox_4_a",
    type=COMPOUND,
    template_name="om15_static_large_ast01",
    lt_grp=0,
    srt_grp=0,
    usr_flg=0,
    flags=LIT_DYNAMIC,
    spatialprops={
        pos={
            -3067.00, -286.00, -201.00
        },
        orient={ 
            { 0.2978446,0.3270286,0.8968506 }, 
            { -0.5845529,-0.6802720,0.4421855 },
            { 0.7547096,-0.6559591,-0.0114498 }
         }
    },
    userprops={
        category="Solar"
    }
}
,
{
    entity_name="astbox_4_b",
    type=COMPOUND,
    template_name="om15_static_large_ast01",
    lt_grp=0,
    srt_grp=0,
    usr_flg=0,
    flags=LIT_DYNAMIC,
    spatialprops={
        pos={
            -3002.00, 784.00, -574.00
        },
        orient={ 
            { 0.5235406,0.3718317,-0.7665810 }, 
            { 0.1501229,-0.9259242,-0.3465942 },
            { -0.8386706,0.0663748,-0.5405794 }
         }
    },
    userprops={
        category="Solar"
    }
}
,
{
    entity_name="astbox_5_a",
    type=COMPOUND,
    template_name="om15_static_large_ast01",
    lt_grp=0,
    srt_grp=0,
    usr_flg=0,
    flags=LIT_DYNAMIC,
    spatialprops={
        pos={
            -3423.00, -818.00, 121.00
        },
        orient={ 
            { -0.1867382,-0.9760812,-0.1113298 }, 
            { 0.2666898,-0.1594340,0.9505037 },
            { -0.9455186,0.1478048,0.2900833 }
         }
    },
    userprops={
        category="Solar"
    }
}
,
{
    entity_name="astbox_5_b",
    type=COMPOUND,
    template_name="om15_static_large_ast01",
    lt_grp=0,
    srt_grp=0,
    usr_flg=0,
    flags=LIT_DYNAMIC,
    spatialprops={
        pos={
            -3117.00, 584.00, 354.00
        },
        orient={ 
            { 0.2876062,-0.0588819,-0.9559370 }, 
            { -0.6459742,-0.7488302,-0.1482249 },
            { -0.7071068,0.6601411,-0.2534044 }
         }
    },
    userprops={
        category="Solar"
    }
}
,
{
    entity_name="astbox_6_a",
    type=COMPOUND,
    template_name="om15_static_large_ast02",
    lt_grp=0,
    srt_grp=0,
    usr_flg=0,
    flags=LIT_DYNAMIC,
    spatialprops={
        pos={
            -2873.00, -618.00, 1173.00
        },
        orient={ 
            { 0.8661080,-0.1223334,-0.4846561 }, 
            { 0.1217235,0.9920196,-0.0328715 },
            { 0.4848096,-0.0305238,0.8740869 }
         }
    },
    userprops={
        category="Solar"
    }
}
,
{
    entity_name="astbox_6_b",
    type=COMPOUND,
    template_name="om15_static_large_ast02",
    lt_grp=0,
    srt_grp=0,
    usr_flg=0,
    flags=LIT_DYNAMIC,
    spatialprops={
        pos={
            -3346.00, 289.00, 1175.00
        },
        orient={ 
            { -0.9305476,-0.0568121,-0.3617369 }, 
            { 0.3386916,0.2419329,-0.9092615 },
            { 0.1391731,-0.9686283,-0.2058883 }
         }
    },
    userprops={
        category="Solar"
    }
}
,
{
    entity_name="astbox_7_a",
    type=COMPOUND,
    template_name="om15_static_large_ast02",
    lt_grp=0,
    srt_grp=0,
    usr_flg=0,
    flags=LIT_DYNAMIC,
    spatialprops={
        pos={
            -3134.00, -948.00, 1559.00
        },
        orient={ 
            { 0.4898303,0.8430498,-0.2221110 }, 
            { -0.1591555,-0.1640158,-0.9735340 },
            { -0.8571673,0.5122166,0.0538361 }
         }
    },
    userprops={
        category="Solar"
    }
}
,
{
    entity_name="astbox_7_b",
    type=COMPOUND,
    template_name="om15_static_large_ast02",
    lt_grp=0,
    srt_grp=0,
    usr_flg=0,
    flags=LIT_DYNAMIC,
    spatialprops={
        pos={
            -3164.00, 263.00, 1653.00
        },
        orient={ 
            { -0.4836286,0.1734364,0.8579179 }, 
            { 0.0338186,-0.9757369,0.2163190 },
            { 0.8746197,0.1336316,0.4660289 }
         }
    },
    userprops={
        category="Solar"
    }
}
,
{
    entity_name="astbox_8_a",
    type=COMPOUND,
    template_name="om15_static_large_ast01",
    lt_grp=0,
    srt_grp=0,
    usr_flg=0,
    flags=LIT_DYNAMIC,
    spatialprops={
        pos={
            -3143.00, -668.00, 2229.00
        },
        orient={ 
            { -0.2061074,-0.7874338,0.5809197 }, 
            { -0.4045085,0.6091293,0.6821542 },
            { -0.8910065,-0.0943899,-0.4440697 }
         }
    },
    userprops={
        category="Solar"
    }
}
,
{
    entity_name="astbox_8_b",
    type=COMPOUND,
    template_name="om15_static_large_ast01",
    lt_grp=0,
    srt_grp=0,
    usr_flg=0,
    flags=LIT_DYNAMIC,
    spatialprops={
        pos={
            -3080.00, 608.00, 2564.00
        },
        orient={ 
            { -0.3796405,0.7550834,0.5345298 }, 
            { -0.7783785,0.0515669,-0.6256739 },
            { -0.5000000,-0.6535977,0.5681638 }
         }
    },
    userprops={
        category="Solar"
    }
}
,
{
    entity_name="astbox_9_a",
    type=COMPOUND,
    template_name="om15_static_large_ast01",
    lt_grp=0,
    srt_grp=0,
    usr_flg=0,
    flags=LIT_DYNAMIC,
    spatialprops={
        pos={
            -2998.00, -813.00, 3036.00
        },
        orient={ 
            { 0.4845143,-0.3573157,-0.7984807 }, 
            { -0.8740869,-0.1613329,-0.4581962 },
            { 0.0348995,0.9199441,-0.3904931 }
         }
    },
    userprops={
        category="Solar"
    }
}
,
{
    entity_name="astbox_9_b",
    type=COMPOUND,
    template_name="om15_static_large_ast01",
    lt_grp=0,
    srt_grp=0,
    usr_flg=0,
    flags=LIT_DYNAMIC,
    spatialprops={
        pos={
            -3341.00, 260.00, 3356.00
        },
        orient={ 
            { -0.1736217,0.8775946,-0.4468593 }, 
            { 0.0030306,0.4542246,0.8908820 },
            { 0.9848078,0.1533222,-0.0815229 }
         }
    },
    userprops={
        category="Solar"
    }
}
,
{
    entity_name="astbox_10_a",
    type=COMPOUND,
    template_name="om15_static_large_ast02",
    lt_grp=0,
    srt_grp=0,
    usr_flg=0,
    flags=LIT_DYNAMIC,
    spatialprops={
        pos={
            -2543.00, -859.00, -2997.00
        },
        orient={ 
            { 0.4659722,-0.6479758,0.6024925 }, 
            { 0.0572142,-0.6574453,-0.7513270 },
            { 0.8829476,0.3845686,-0.2692778 }
         }
    },
    userprops={
        category="Solar"
    }
}
,
{
    entity_name="astbox_10_b",
    type=COMPOUND,
    template_name="om15_static_large_ast02",
    lt_grp=0,
    srt_grp=0,
    usr_flg=0,
    flags=LIT_DYNAMIC,
    spatialprops={
        pos={
            -2180.00, 265.00, -2961.00
        },
        orient={ 
            { 0.0815229,-0.4580814,-0.8851641 }, 
            { 0.1533222,0.8833126,-0.4430024 },
            { 0.9848078,-0.0996005,0.1422443 }
         }
    },
    userprops={
        category="Solar"
    }
}
,
{
    entity_name="astbox_11_a",
    type=COMPOUND,
    template_name="om15_static_large_ast04",
    lt_grp=0,
    srt_grp=0,
    usr_flg=0,
    flags=LIT_DYNAMIC,
    spatialprops={
        pos={
            -2522.00, -481.00, -2348.00
        },
        orient={ 
            { -0.4993148,-0.0523360,0.8648385 }, 
            { 0.0261680,-0.9986295,-0.0453243 },
            { 0.8660254,0.0000000,0.5000000 }
         }
    },
    userprops={
        category="Solar"
    }
}
,
{
    entity_name="astbox_11_b",
    type=COMPOUND,
    template_name="om15_static_large_ast04",
    lt_grp=0,
    srt_grp=0,
    usr_flg=0,
    flags=LIT_DYNAMIC,
    spatialprops={
        pos={
            -2356.00, 744.00, -2668.00
        },
        orient={ 
            { -0.1684901,-0.9849720,-0.0379643 }, 
            { 0.0420093,0.0313045,-0.9986267 },
            { 0.9848078,-0.1698535,0.0361035 }
         }
    },
    userprops={
        category="Solar"
    }
}
,
{
    entity_name="astbox_12_a",
    type=COMPOUND,
    template_name="om15_static_large_ast02",
    lt_grp=0,
    srt_grp=0,
    usr_flg=0,
    flags=LIT_DYNAMIC,
    spatialprops={
        pos={
            -2237.00, -555.00, -1668.00
        },
        orient={ 
            { -0.5345737,0.1426599,0.8329941 }, 
            { -0.5162318,0.7252736,-0.4555030 },
            { -0.6691306,-0.6735179,-0.3140666 }
         }
    },
    userprops={
        category="Solar"
    }
}
,
{
    entity_name="astbox_12_b",
    type=COMPOUND,
    template_name="om15_static_large_ast02",
    lt_grp=0,
    srt_grp=0,
    usr_flg=0,
    flags=LIT_DYNAMIC,
    spatialprops={
        pos={
            -2171.00, 428.00, -1712.00
        },
        orient={ 
            { -0.7179676,0.6960549,0.0054813 }, 
            { 0.4842753,0.4938335,0.7222229 },
            { 0.5000000,0.5211871,-0.6916386 }
         }
    },
    userprops={
        category="Solar"
    }
}
,
{
    entity_name="astbox_13_a",
    type=COMPOUND,
    template_name="om15_static_large_ast04",
    lt_grp=0,
    srt_grp=0,
    usr_flg=0,
    flags=LIT_DYNAMIC,
    spatialprops={
        pos={
            -2506.00, -856.00, -987.00
        },
        orient={ 
            { -0.2080262,0.9170987,-0.3400811 }, 
            { 0.7254734,-0.0885386,-0.6825315 },
            { -0.6560590,-0.3887042,-0.6469124 }
         }
    },
    userprops={
        category="Solar"
    }
}
,
{
    entity_name="astbox_13_b",
    type=COMPOUND,
    template_name="om15_static_large_ast04",
    lt_grp=0,
    srt_grp=0,
    usr_flg=0,
    flags=LIT_DYNAMIC,
    spatialprops={
        pos={
            -2371.00, 406.00, -1009.00
        },
        orient={ 
            { 0.9781476,0.0396714,-0.2040918 }, 
            { -0.0000000,0.9816272,0.1908090 },
            { 0.2079117,-0.1866394,0.9601763 }
         }
    },
    userprops={
        category="Solar"
    }
}
,
{
    entity_name="astbox_14_a",
    type=COMPOUND,
    template_name="om15_static_large_ast02",
    lt_grp=0,
    srt_grp=0,
    usr_flg=0,
    flags=LIT_DYNAMIC,
    spatialprops={
        pos={
            -2437.00, -581.00, -214.00
        },
        orient={ 
            { -0.9901172,0.1251214,-0.0633441 }, 
            { -0.0172826,-0.5570941,-0.8302695 },
            { -0.1391731,-0.8209694,0.5537509 }
         }
    },
    userprops={
        category="Solar"
    }
}
,
{
    entity_name="astbox_14_b",
    type=COMPOUND,
    template_name="om15_static_large_ast02",
    lt_grp=0,
    srt_grp=0,
    usr_flg=0,
    flags=LIT_DYNAMIC,
    spatialprops={
        pos={
            -2365.00, 889.00, -422.00
        },
        orient={ 
            { 0.2907701,0.4069231,0.8659483 }, 
            { -0.9510660,0.2217999,0.2151237 },
            { -0.1045285,-0.8861255,0.4515035 }
         }
    },
    userprops={
        category="Solar"
    }
}
,
{
    entity_name="astbox_15_a",
    type=COMPOUND,
    template_name="om15_static_large_ast04",
    lt_grp=0,
    srt_grp=0,
    usr_flg=0,
    flags=LIT_DYNAMIC,
    spatialprops={
        pos={
            -2442.00, -616.00, 576.00
        },
        orient={ 
            { 0.6164938,0.7328647,0.2878275 }, 
            { 0.7091950,-0.3580634,-0.6073162 },
            { -0.3420201,0.5785325,-0.7404879 }
         }
    },
    userprops={
        category="Solar"
    }
}
,
{
    entity_name="astbox_15_b",
    type=COMPOUND,
    template_name="om15_static_large_ast04",
    lt_grp=0,
    srt_grp=0,
    usr_flg=0,
    flags=LIT_DYNAMIC,
    spatialprops={
        pos={
            -2390.00, 390.00, 136.00
        },
        orient={ 
            { -0.0000000,0.7547096,-0.6560590 }, 
            { 0.0000000,-0.6560590,-0.7547096 },
            { -1.0000000,-0.0000000,0.0000000 }
         }
    },
    userprops={
        category="Solar"
    }
}
,
{
    entity_name="astbox_16_a",
    type=COMPOUND,
    template_name="om15_static_large_ast04",
    lt_grp=0,
    srt_grp=0,
    usr_flg=0,
    flags=LIT_DYNAMIC,
    spatialprops={
        pos={
            -2198.00, -370.00, 1222.00
        },
        orient={ 
            { 0.6763771,-0.7319614,-0.0821374 }, 
            { -0.3596361,-0.4255119,0.8304225 },
            { -0.6427876,-0.5321392,-0.5510463 }
         }
    },
    userprops={
        category="Solar"
    }
}
,
{
    entity_name="astbox_16_b",
    type=COMPOUND,
    template_name="om15_static_large_ast04",
    lt_grp=0,
    srt_grp=0,
    usr_flg=0,
    flags=LIT_DYNAMIC,
    spatialprops={
        pos={
            -2405.00, 872.00, 1071.00
        },
        orient={ 
            { 0.0056819,0.2249017,0.9743649 }, 
            { 0.0165016,0.9742268,-0.2249661 },
            { -0.9998477,0.0173568,0.0018243 }
         }
    },
    userprops={
        category="Solar"
    }
}
,
{
    entity_name="astbox_17_a",
    type=COMPOUND,
    template_name="om15_static_large_ast01",
    lt_grp=0,
    srt_grp=0,
    usr_flg=0,
    flags=LIT_DYNAMIC,
    spatialprops={
        pos={
            -2451.00, -388.00, 1782.00
        },
        orient={ 
            { -0.6914738,-0.4304084,-0.5801832 }, 
            { 0.1982769,0.6592115,-0.7253458 },
            { 0.6946584,-0.6165946,-0.3704874 }
         }
    },
    userprops={
        category="Solar"
    }
}
,
{
    entity_name="astbox_17_b",
    type=COMPOUND,
    template_name="om15_static_large_ast01",
    lt_grp=0,
    srt_grp=0,
    usr_flg=0,
    flags=LIT_DYNAMIC,
    spatialprops={
        pos={
            -2724.00, 256.00, 1526.00
        },
        orient={ 
            { -0.1929367,0.2559826,0.9472319 }, 
            { 0.3211005,-0.8957431,0.3074714 },
            { 0.9271839,0.3634792,0.0906255 }
         }
    },
    userprops={
        category="Solar"
    }
}
,
{
    entity_name="astbox_18_a",
    type=COMPOUND,
    template_name="om15_static_large_ast01",
    lt_grp=0,
    srt_grp=0,
    usr_flg=0,
    flags=LIT_DYNAMIC,
    spatialprops={
        pos={
            -2465.00, -406.00, 2200.00
        },
        orient={ 
            { -0.6197430,-0.3803485,0.6864792 }, 
            { -0.5200261,0.8541420,0.0037716 },
            { -0.5877853,-0.3546497,-0.7271397 }
         }
    },
    userprops={
        category="Solar"
    }
}
,
{
    entity_name="astbox_18_b",
    type=COMPOUND,
    template_name="om15_static_large_ast01",
    lt_grp=0,
    srt_grp=0,
    usr_flg=0,
    flags=LIT_DYNAMIC,
    spatialprops={
        pos={
            -2378.00, 448.00, 2271.00
        },
        orient={ 
            { 0.9504772,-0.0300722,0.3093361 }, 
            { -0.0331914,0.9797940,0.1972362 },
            { -0.3090170,-0.1977358,0.9302736 }
         }
    },
    userprops={
        category="Solar"
    }
}
,
{
    entity_name="astbox_19_a",
    type=COMPOUND,
    template_name="om15_static_large_ast02",
    lt_grp=0,
    srt_grp=0,
    usr_flg=0,
    flags=LIT_DYNAMIC,
    spatialprops={
        pos={
            -2221.00, -555.00, 3269.00
        },
        orient={ 
            { 0.2067727,-0.9722438,0.1094854 }, 
            { 0.6363810,0.0486505,-0.7698392 },
            { 0.7431448,0.2288561,0.6287771 }
         }
    },
    userprops={
        category="Solar"
    }
}
,
{
    entity_name="astbox_19_b",
    type=COMPOUND,
    template_name="om15_static_large_ast02",
    lt_grp=0,
    srt_grp=0,
    usr_flg=0,
    flags=LIT_DYNAMIC,
    spatialprops={
        pos={
            -2380.00, 733.00, 3413.00
        },
        orient={ 
            { -0.0431192,0.1249931,-0.9912202 }, 
            { -0.1503745,-0.9816522,-0.1172451 },
            { -0.9876883,0.1439987,0.0611238 }
         }
    },
    userprops={
        category="Solar"
    }
}
,
{
    entity_name="astbox_20_a",
    type=COMPOUND,
    template_name="om15_static_large_ast04",
    lt_grp=0,
    srt_grp=0,
    usr_flg=0,
    flags=LIT_DYNAMIC,
    spatialprops={
        pos={
            -1653.00, -671.00, -3412.00
        },
        orient={ 
            { 0.8397331,-0.2194357,0.4966854 }, 
            { -0.4464940,-0.7995924,0.4016157 },
            { 0.3090170,-0.5590170,-0.7694209 }
         }
    },
    userprops={
        category="Solar"
    }
}
,
{
    entity_name="astbox_20_b",
    type=COMPOUND,
    template_name="om15_static_large_ast04",
    lt_grp=0,
    srt_grp=0,
    usr_flg=0,
    flags=LIT_DYNAMIC,
    spatialprops={
        pos={
            -1839.00, 527.00, -3193.00
        },
        orient={ 
            { 0.9391202,-0.0211127,0.3429395 }, 
            { -0.3418118,-0.1587897,0.9262562 },
            { 0.0348995,-0.9870867,-0.1563392 }
         }
    },
    userprops={
        category="Solar"
    }
}
,
{
    entity_name="astbox_21_a",
    type=COMPOUND,
    template_name="om15_static_large_ast01",
    lt_grp=0,
    srt_grp=0,
    usr_flg=0,
    flags=LIT_DYNAMIC,
    spatialprops={
        pos={
            -1970.00, -444.00, -2422.00
        },
        orient={ 
            { 0.2676166,-0.3254276,0.9069059 }, 
            { 0.1545085,-0.9145623,-0.3737685 },
            { 0.9510565,0.2401513,-0.1944707 }
         }
    },
    userprops={
        category="Solar"
    }
}
,
{
    entity_name="astbox_21_b",
    type=COMPOUND,
    template_name="om15_static_large_ast01",
    lt_grp=0,
    srt_grp=0,
    usr_flg=0,
    flags=LIT_DYNAMIC,
    spatialprops={
        pos={
            -1712.00, 479.00, -2230.00
        },
        orient={ 
            { 0.6634139,0.6995333,0.2655844 }, 
            { -0.5566704,0.6985971,-0.4495333 },
            { -0.5000000,0.1503837,0.8528685 }
         }
    },
    userprops={
        category="Solar"
    }
}
,
{
    entity_name="astbox_22_a",
    type=COMPOUND,
    template_name="om15_static_large_ast04",
    lt_grp=0,
    srt_grp=0,
    usr_flg=0,
    flags=LIT_DYNAMIC,
    spatialprops={
        pos={
            -1613.00, -352.00, -1735.00
        },
        orient={ 
            { 0.7878907,-0.5521667,-0.2726539 }, 
            { 0.6155677,0.7187212,0.3232897 },
            { 0.0174524,-0.4225539,0.9061698 }
         }
    },
    userprops={
        category="Solar"
    }
}
,
{
    entity_name="astbox_22_b",
    type=COMPOUND,
    template_name="om15_static_large_ast04",
    lt_grp=0,
    srt_grp=0,
    usr_flg=0,
    flags=LIT_DYNAMIC,
    spatialprops={
        pos={
            -1511.00, 827.00, -1855.00
        },
        orient={ 
            { 0.9601763,-0.0672437,-0.2711822 }, 
            { -0.1866394,0.5679037,-0.8016552 },
            { 0.2079117,0.8203436,0.5327374 }
         }
    },
    userprops={
        category="Solar"
    }
}
,
{
    entity_name="astbox_23_a",
    type=COMPOUND,
    template_name="om15_static_large_ast02",
    lt_grp=0,
    srt_grp=0,
    usr_flg=0,
    flags=LIT_DYNAMIC,
    spatialprops={
        pos={
            -1754.00, -577.00, -958.00
        },
        orient={ 
            { 0.0697458,0.7304024,-0.6794467 }, 
            { 0.9974121,-0.0391431,0.0603066 },
            { 0.0174524,-0.6818945,-0.7312423 }
         }
    },
    userprops={
        category="Solar"
    }
}
,
{
    entity_name="astbox_23_b",
    type=COMPOUND,
    template_name="om15_static_large_ast02",
    lt_grp=0,
    srt_grp=0,
    usr_flg=0,
    flags=LIT_DYNAMIC,
    spatialprops={
        pos={
            -1883.00, 926.00, -1153.00
        },
        orient={ 
            { 0.6885162,-0.6743682,0.2667826 }, 
            { -0.5777337,-0.7323940,-0.3603094 },
            { 0.4383711,0.0939496,-0.8938704 }
         }
    },
    userprops={
        category="Solar"
    }
}
,
{
    entity_name="astbox_24_a",
    type=COMPOUND,
    template_name="om15_static_large_ast02",
    lt_grp=0,
    srt_grp=0,
    usr_flg=0,
    flags=LIT_DYNAMIC,
    spatialprops={
        pos={
            -1660.00, -649.00, -551.00
        },
        orient={ 
            { 0.6367003,-0.3072180,0.7072693 }, 
            { -0.6827775,0.2016563,0.7022461 },
            { -0.3583679,-0.9300279,-0.0813669 }
         }
    },
    userprops={
        category="Solar"
    }
}
,
{
    entity_name="astbox_24_b",
    type=COMPOUND,
    template_name="om15_static_large_ast02",
    lt_grp=0,
    srt_grp=0,
    usr_flg=0,
    flags=LIT_DYNAMIC,
    spatialprops={
        pos={
            -1858.00, 306.00, -373.00
        },
        orient={ 
            { 0.6840684,-0.7291298,0.0204974 }, 
            { 0.2903698,0.2979878,0.9093342 },
            { -0.6691306,-0.6160950,0.4155613 }
         }
    },
    userprops={
        category="Solar"
    }
}
,
{
    entity_name="astbox_25_a",
    type=COMPOUND,
    template_name="om15_static_large_ast01",
    lt_grp=0,
    srt_grp=0,
    usr_flg=0,
    flags=LIT_DYNAMIC,
    spatialprops={
        pos={
            -1696.00, -419.00, 252.00
        },
        orient={ 
            { 0.1835751,0.2659793,-0.9463378 }, 
            { 0.8636531,0.4161325,0.2844945 },
            { 0.4694716,-0.8695336,-0.1533222 }
         }
    },
    userprops={
        category="Solar"
    }
}
,
{
    entity_name="astbox_25_b",
    type=COMPOUND,
    template_name="om15_static_large_ast01",
    lt_grp=0,
    srt_grp=0,
    usr_flg=0,
    flags=LIT_DYNAMIC,
    spatialprops={
        pos={
            -1549.00, 802.00, 218.00
        },
        orient={ 
            { 0.2115897,0.5450077,-0.8112931 }, 
            { 0.8486398,0.3093070,0.4291151 },
            { 0.4848096,-0.7792919,-0.3970690 }
         }
    },
    userprops={
        category="Solar"
    }
}
,
{
    entity_name="astbox_26_a",
    type=COMPOUND,
    template_name="om15_static_large_ast04",
    lt_grp=0,
    srt_grp=0,
    usr_flg=0,
    flags=LIT_DYNAMIC,
    spatialprops={
        pos={
            -1513.00, -541.00, 1220.00
        },
        orient={ 
            { 0.0866971,-0.7096921,0.6991572 }, 
            { -0.2258535,0.6695253,0.7076200 },
            { -0.9702957,-0.2192557,-0.1022406 }
         }
    },
    userprops={
        category="Solar"
    }
}
,
{
    entity_name="astbox_26_b",
    type=COMPOUND,
    template_name="om15_static_large_ast04",
    lt_grp=0,
    srt_grp=0,
    usr_flg=0,
    flags=LIT_DYNAMIC,
    spatialprops={
        pos={
            -2000.00, 805.00, 1207.00
        },
        orient={ 
            { -0.4984702,0.8656731,0.0462339 }, 
            { 0.6860853,0.4265372,-0.5893666 },
            { -0.5299193,-0.2620613,-0.8065417 }
         }
    },
    userprops={
        category="Solar"
    }
}
,
{
    entity_name="astbox_27_a",
    type=COMPOUND,
    template_name="om15_static_large_ast04",
    lt_grp=0,
    srt_grp=0,
    usr_flg=0,
    flags=LIT_DYNAMIC,
    spatialprops={
        pos={
            -1725.00, -785.00, 1886.00
        },
        orient={ 
            { -0.9192433,-0.2256488,0.3226055 }, 
            { -0.3901956,0.6311348,-0.6703852 },
            { -0.0523360,-0.7421264,-0.6682136 }
         }
    },
    userprops={
        category="Solar"
    }
}
,
{
    entity_name="astbox_27_b",
    type=COMPOUND,
