duration=77

entities={
	{
		entity_name="Scene_m13_csv",
		type=SCENE,
		template_name="",
		template_id=0,
		spatialprops={
			pos={0,0,0},
			orient={
				{1,0,0},
				{0,1,0},
				{0,0,1}
			}
		},
		up=Y_AXIS,
		front=Z_AXIS,
		ambient={
		    0,
		    0,
		    0
		}
	},

	{
		entity_name="Monitor_1",
		type=MONITOR,
		template_name="",
		template_id=0
	},
	{
		entity_name="offscreen",
		type=MARKER,
		template_name="",
		lt_grp=0,
		srt_grp=0,
		usr_flg=0,
		flags=HIDDEN,
		spatialprops={pos={-10000000,-10000,0},orient={ {1,0,0},{0,1,0},{0,0,1} } },
	},

	{
		entity_name="offscreen_back",
		type=MARKER,
		template_name="",
		lt_grp=0,
		srt_grp=0,
		usr_flg=0,
		flags=HIDDEN,
		spatialprops={pos={0,-10000,-10000000},orient={ {1,0,0},{0,1,0},{0,0,1} } },
	},

    

	{
    entity_name="automarker_default_point",
    type=MARKER,
    template_name="",lt_grp=0,srt_grp=0,usr_flg=0,
    spatialprops={
        pos={ 0.00, 0.00, 0.00 },
        orient={ 
            { 1.0000000,0.0000000,0.0000000 },
            { 0.0000000,1.0000000,0.0000000 },
            { 0.0000000,0.0000000,1.0000000 }
         }
    }
}
,
{
    entity_name="automarker_offscreen_point",
    type=MARKER,
    template_name="",lt_grp=0,srt_grp=0,usr_flg=0,
    spatialprops={
        pos={ 0.00, -10000.00, 0.00 },
        orient={ 
            { 1.0000000,0.0000000,0.0000000 },
            { 0.0000000,1.0000000,0.0000000 },
            { 0.0000000,0.0000000,1.0000000 }
         }
    }
}
,
{
    entity_name="automarker_shiplook",
    type=MARKER,
    template_name="",lt_grp=0,srt_grp=0,usr_flg=0,
    spatialprops={
        pos={ 41.73, 15.24, 27.66 },
        orient={ 
            { 1.0000000,0.0000000,-0.0000000 },
            { -0.0000000,1.0000000,-0.0000037 },
            { 0.0000000,0.0000037,1.0000000 }
         }
    }
}
,
{
    entity_name="automarker_cam_dbg",
    type=MARKER,
    template_name="",lt_grp=0,srt_grp=0,usr_flg=0,
    spatialprops={
        pos={ 152.19, 65.64, -56.36 },
        orient={ 
            { -0.8795163,0.0055874,-0.4758360 },
            { -0.2075287,0.8953302,0.3941010 },
            { 0.4282324,0.4453679,-0.7862980 }
         }
    }
}
,
{
    entity_name="automarker_cam_dbg_focus",
    type=MARKER,
    template_name="",lt_grp=0,srt_grp=0,usr_flg=0,
    spatialprops={
        pos={ -0.08, -0.01, -33.46 },
        orient={ 
            { 1.0000000,0.0000000,-0.0000000 },
            { -0.0000000,1.0000000,-0.0000037 },
            { 0.0000000,0.0000037,1.0000000 }
         }
    }
}
,
{
    entity_name="automarker_ship",
    type=MARKER,
    template_name="",lt_grp=0,srt_grp=0,usr_flg=0,
    spatialprops={
        pos={ 0.33, 0.05, 0.07 },
        orient={ 
            { 1.0000000,0.0000000,-0.0000000 },
            { -0.0000000,1.0000000,-0.0000037 },
            { 0.0000000,0.0000037,1.0000000 }
         }
    }
}
,
{
    entity_name="automarker_cam_dbg2",
    type=MARKER,
    template_name="",lt_grp=0,srt_grp=0,usr_flg=0,
    spatialprops={
        pos={ -101.24, 10.88, -103.97 },
        orient={ 
            { -0.8795163,0.0055874,-0.4758360 },
            { -0.2075287,0.8953302,0.3941010 },
            { 0.4282324,0.4453679,-0.7862980 }
         }
    }
}
,
{
    entity_name="automarker_bh",
    type=MARKER,
    template_name="",lt_grp=0,srt_grp=0,usr_flg=0,
    spatialprops={
        pos={ 0.33, -8.78, 535.81 },
        orient={ 
            { 1.0000000,0.0000000,0.0000000 },
            { 0.0000000,0.8660254,-0.5000000 },
            { 0.0000000,0.5000000,0.8660254 }
         }
    }
}
,
{
    entity_name="automarker_csv_test",
    type=MARKER,
    template_name="",lt_grp=0,srt_grp=0,usr_flg=0,
    spatialprops={
        pos={ 0.13, -3.31, 23.16 },
        orient={ 
            { 1.0000000,0.0000000,-0.0000000 },
            { -0.0000000,1.0000000,-0.0000037 },
            { 0.0000000,0.0000037,1.0000000 }
         }
    }
}
,
{
    entity_name="automarker_csv_test2",
    type=MARKER,
    template_name="",lt_grp=0,srt_grp=0,usr_flg=0,
    spatialprops={
        pos={ -35.84, 0.00, -80.13 },
        orient={ 
            { 1.0000000,0.0000000,-0.0000000 },
            { -0.0000000,1.0000000,-0.0000037 },
            { 0.0000000,0.0000037,1.0000000 }
         }
    }
}
,
{
    entity_name="automarker_csv_launch",
    type=MARKER,
    template_name="",lt_grp=0,srt_grp=0,usr_flg=0,
    spatialprops={
        pos={ -486.86, -12.65, -1653.69 },
        orient={ 
            { 0.8660254,-0.0000000,-0.5000000 },
            { 0.0000000,1.0000000,-0.0000000 },
            { 0.5000000,0.0000000,0.8660254 }
         }
    }
}
,
{
    entity_name="automarker_logos_launch",
    type=MARKER,
    template_name="",lt_grp=0,srt_grp=0,usr_flg=0,
    spatialprops={
        pos={ -517.79, 20.27, -1708.67 },
        orient={ 
            { -0.8660254,0.0000000,0.5000000 },
            { 0.0000000,1.0000000,0.0000000 },
            { -0.5000000,0.0000000,-0.8660254 }
         }
    }
}
,
{
    entity_name="automarker_logos_start",
    type=MARKER,
    template_name="",lt_grp=0,srt_grp=0,usr_flg=0,
    spatialprops={
        pos={ -1298.52, 20.27, -2942.76 },
        orient={ 
            { -0.8660254,0.0000000,0.5000000 },
            { 0.0000000,1.0000000,0.0000000 },
            { -0.5000000,0.0000000,-0.8660254 }
         }
    }
}
,
{
    entity_name="automarker_cam_start",
    type=MARKER,
    template_name="",lt_grp=0,srt_grp=0,usr_flg=0,
    spatialprops={
        pos={ -1052.62, 4.94, -2882.78 },
        orient={ 
            { -0.8795163,0.0055874,-0.4758360 },
            { -0.2075287,0.8953302,0.3941010 },
            { 0.4282324,0.4453679,-0.7862980 }
         }
    }
}
,
{
    entity_name="automarker_cam_start_focus",
    type=MARKER,
    template_name="",lt_grp=0,srt_grp=0,usr_flg=0,
    spatialprops={
        pos={ -778.71, -0.01, -2257.14 },
        orient={ 
            { 1.0000000,0.0000000,-0.0000000 },
            { -0.0000000,1.0000000,-0.0000037 },
            { 0.0000000,0.0000037,1.0000000 }
         }
    }
}
,
{
    entity_name="automarker_cam_launch",
    type=MARKER,
    template_name="",lt_grp=0,srt_grp=0,usr_flg=0,
    spatialprops={
        pos={ -287.18, 30.88, -1606.32 },
        orient={ 
            { -0.8795163,0.0055874,-0.4758360 },
            { -0.2075287,0.8953302,0.3941010 },
            { 0.4282324,0.4453679,-0.7862980 }
         }
    }
}
,
{
    entity_name="automarker_cam_launch_focus",
    type=MARKER,
    template_name="",lt_grp=0,srt_grp=0,usr_flg=0,
    spatialprops={
        pos={ -481.48, -28.21, -1652.94 },
        orient={ 
            { 1.0000000,0.0000000,-0.0000000 },
            { -0.0000000,1.0000000,-0.0000037 },
            { 0.0000000,0.0000037,1.0000000 }
         }
    }
}
,
{
    entity_name="automarker_cam_launch2",
    type=MARKER,
    template_name="",lt_grp=0,srt_grp=0,usr_flg=0,
    spatialprops={
        pos={ -287.18, -15.75, -1606.32 },
        orient={ 
            { -0.8795163,0.0055874,-0.4758360 },
            { -0.2075287,0.8953302,0.3941010 },
            { 0.4282324,0.4453679,-0.7862980 }
         }
    }
}
,
{
    entity_name="automarker_csv_launch2",
    type=MARKER,
    template_name="",lt_grp=0,srt_grp=0,usr_flg=0,
    spatialprops={
        pos={ -486.86, -38.44, -1653.69 },
        orient={ 
            { 0.8660254,-0.0000000,-0.5000000 },
            { 0.0000000,1.0000000,-0.0000000 },
            { 0.5000000,0.0000000,0.8660254 }
         }
    }
}
,
{
    entity_name="automarker_cam_xdbg",
    type=MARKER,
    template_name="",lt_grp=0,srt_grp=0,usr_flg=0,
    spatialprops={
        pos={ -470.98, 51.40, -1656.31 },
        orient={ 
            { -0.8795163,0.0055874,-0.4758360 },
            { -0.2075287,0.8953302,0.3941010 },
            { 0.4282324,0.4453679,-0.7862980 }
         }
    }
}
,
{
    entity_name="automarker_cam_xdbg_focus",
    type=MARKER,
    template_name="",lt_grp=0,srt_grp=0,usr_flg=0,
    spatialprops={
        pos={ -481.48, -28.21, -1652.94 },
        orient={ 
            { 1.0000000,0.0000000,-0.0000000 },
            { -0.0000000,1.0000000,-0.0000037 },
            { 0.0000000,0.0000037,1.0000000 }
         }
    }
}
,
{
    entity_name="automarker_cam_launch3",
    type=MARKER,
    template_name="",lt_grp=0,srt_grp=0,usr_flg=0,
    spatialprops={
        pos={ -287.18, -36.20, -1606.32 },
        orient={ 
            { -0.8795163,0.0055874,-0.4758360 },
            { -0.2075287,0.8953302,0.3941010 },
            { 0.4282324,0.4453679,-0.7862980 }
         }
    }
}
,
{
    entity_name="automarker_cam_launch_focus3",
    type=MARKER,
    template_name="",lt_grp=0,srt_grp=0,usr_flg=0,
    spatialprops={
        pos={ -481.48, -45.27, -1652.94 },
        orient={ 
            { 1.0000000,0.0000000,-0.0000000 },
            { -0.0000000,1.0000000,-0.0000037 },
            { 0.0000000,0.0000037,1.0000000 }
         }
    }
}
,
{
    entity_name="automarker_csv_alt",
    type=MARKER,
    template_name="",lt_grp=0,srt_grp=0,usr_flg=0,
    spatialprops={
        pos={ -1.25, -9.20, -0.00 },
        orient={ 
            { -0.9553436,-0.2753004,0.1073700 },
            { 0.0464238,0.2190116,0.9746172 },
            { -0.2918278,0.9360789,-0.1964508 }
         }
    }
}
,
{
    entity_name="automarker_cam_dbg3",
    type=MARKER,
    template_name="",lt_grp=0,srt_grp=0,usr_flg=0,
    spatialprops={
        pos={ 31.65, 14.17, -21.41 },
        orient={ 
            { -0.3297241,-0.3027900,-0.8942037 },
            { -0.4188201,0.8957798,-0.1488901 },
            { 0.8460920,0.3254178,-0.4221748 }
         }
    }
}
,
{
    entity_name="automarker_csv_arrive",
    type=MARKER,
    template_name="",lt_grp=0,srt_grp=0,usr_flg=0,
    spatialprops={
        pos={ -69.83, -4.44, -119.56 },
        orient={ 
            { -1.0000000,0.0000000,0.0000001 },
            { 0.0000000,1.0000000,-0.0000035 },
            { -0.0000001,-0.0000035,-1.0000000 }
         }
    }
}
,
{
    entity_name="automarker_cam_arrive",
    type=MARKER,
    template_name="",lt_grp=0,srt_grp=0,usr_flg=0,
    spatialprops={
        pos={ 14.29, 3.29, -9.33 },
        orient={ 
            { -0.8629188,-0.0010705,-0.5053415 },
            { -0.0999135,0.9806189,0.1685346 },
            { 0.4953670,0.1959221,-0.8463014 }
         }
    }
}
,
{
    entity_name="automarker_cam_player",
    type=MARKER,
    template_name="",lt_grp=0,srt_grp=0,usr_flg=0,
    spatialprops={
        pos={ 47.09, 18.06, -19.58 },
        orient={ 
            { -0.2558192,-0.0010721,-0.9667240 },
            { -0.1896738,0.9806185,0.0491049 },
            { 0.9479348,0.1959242,-0.2510644 }
         }
    }
}
,
{
    entity_name="automarker_csv_lapa",
    type=MARKER,
    template_name="",lt_grp=0,srt_grp=0,usr_flg=0,
    spatialprops={
        pos={ 0.13, -3.31, 15.44 },
        orient={ 
            { 1.0000000,0.0000000,-0.0000000 },
            { -0.0000000,1.0000000,-0.0000037 },
            { 0.0000000,0.0000037,1.0000000 }
         }
    }
}
,
{
    entity_name="automarker_cam_player_focus",
    type=MARKER,
    template_name="",lt_grp=0,srt_grp=0,usr_flg=0,
    spatialprops={
        pos={ -3.48, -2.68, 3.78 },
        orient={ 
            { 1.0000000,0.0000000,-0.0000000 },
            { -0.0000000,1.0000000,-0.0000037 },
            { 0.0000000,0.0000037,1.0000000 }
         }
    }
}
,
{
    entity_name="automarker_cam_player2",
    type=MARKER,
    template_name="",lt_grp=0,srt_grp=0,usr_flg=0,
    spatialprops={
        pos={ 50.19, 18.06, 5.58 },
        orient={ 
            { 0.3669507,-0.0010720,-0.9302398 },
            { -0.1818731,0.9806180,-0.0728733 },
            { 0.9122880,0.1959265,0.3596434 }
         }
    }
}
,
{
    entity_name="automarker_cam_player_focus2",
    type=MARKER,
    template_name="",lt_grp=0,srt_grp=0,usr_flg=0,
    spatialprops={
        pos={ -3.48, 1.16, 13.51 },
        orient={ 
            { 1.0000000,0.0000000,-0.0000000 },
            { -0.0000000,1.0000000,-0.0000037 },
            { 0.0000000,0.0000037,1.0000000 }
         }
    }
}
,
{
    entity_name="automarker_cam_fly",
    type=MARKER,
    template_name="",lt_grp=0,srt_grp=0,usr_flg=0,
    spatialprops={
        pos={ 485.05, 91.90, -861.17 },
        orient={ 
            { 0.5717935,-0.0041825,-0.8203869 },
            { -0.0716763,0.9959085,-0.0550343 },
            { 0.8172605,0.0902706,0.5691543 }
         }
    }
}
,
{
    entity_name="automarker_csv_fly",
    type=MARKER,
    template_name="",lt_grp=0,srt_grp=0,usr_flg=0,
    spatialprops={
        pos={ 586.45, 100.41, -728.74 },
        orient={ 
            { 0.7757853,-0.0000023,-0.6309970 },
            { -0.0000001,1.0000000,-0.0000037 },
            { 0.6309970,0.0000029,0.7757853 }
         }
    }
}
,
{
    entity_name="automarker_csv_fly2",
    type=MARKER,
    template_name="",lt_grp=0,srt_grp=0,usr_flg=0,
    spatialprops={
        pos={ -99.16, -2.33, -1369.55 },
        orient={ 
            { 0.7757853,-0.0000023,-0.6309970 },
            { -0.0000001,1.0000000,-0.0000037 },
            { 0.6309970,0.0000029,0.7757853 }
         }
    }
}
,
{
    entity_name="automarker_cam_fly2",
    type=MARKER,
    template_name="",lt_grp=0,srt_grp=0,usr_flg=0,
    spatialprops={
        pos={ 485.05, 91.90, -861.17 },
        orient={ 
            { 0.5717935,-0.0041825,-0.8203869 },
            { -0.0716763,0.9959085,-0.0550343 },
            { 0.8172605,0.0902706,0.5691543 }
         }
    }
}
,
{
    entity_name="cam_dbg",
    type=CAMERA,
    template_name="", lt_grp=0, srt_grp=0, usr_flg=0,
    flags=HIDDEN,
    spatialprops={
        pos={ 152.19, 65.64, -56.36 },
        orient={ 
            { -0.8795163,0.0055874,-0.4758360 },
            { -0.2075287,0.8953302,0.3941010 },
            { 0.4282324,0.4453679,-0.7862980 }
         }
    },
    cameraprops={
        fovh=30,
        hvaspect=1.85,
        nearplane=0.2,
        farplane=30000
    }
}
,
{
    entity_name="cam_dbg3",
    type=CAMERA,
    template_name="", lt_grp=0, srt_grp=0, usr_flg=0,
    flags=HIDDEN,
    spatialprops={
        pos={ 31.65, 14.17, -21.41 },
        orient={ 
            { -0.3297241,-0.3027900,-0.8942037 },
            { -0.4188201,0.8957798,-0.1488901 },
            { 0.8460920,0.3254178,-0.4221748 }
         }
    },
    cameraprops={
        fovh=35,
        hvaspect=1.85,
        nearplane=0.2,
        farplane=30000
    }
}
,
{
    entity_name="cam_xdbg",
    type=CAMERA,
    template_name="", lt_grp=0, srt_grp=0, usr_flg=0,
    flags=HIDDEN,
    spatialprops={
        pos={ -470.98, 51.40, -1656.31 },
        orient={ 
            { -0.8795163,0.0055874,-0.4758360 },
            { -0.2075287,0.8953302,0.3941010 },
            { 0.4282324,0.4453679,-0.7862980 }
         }
    },
    cameraprops={
        fovh=30,
        hvaspect=1.85,
        nearplane=0.2,
        farplane=30000
    }
}
,
{
    entity_name="cam_start",
    type=CAMERA,
    template_name="", lt_grp=0, srt_grp=0, usr_flg=0,
    flags=HIDDEN,
    spatialprops={
        pos={ -1052.62, 4.94, -2882.78 },
        orient={ 
            { -0.8795163,0.0055874,-0.4758360 },
            { -0.2075287,0.8953302,0.3941010 },
            { 0.4282324,0.4453679,-0.7862980 }
         }
    },
    cameraprops={
        fovh=30,
        hvaspect=1.85,
        nearplane=0.2,
        farplane=30000
    }
}
,
{
    entity_name="cam_launch",
    type=CAMERA,
    template_name="", lt_grp=0, srt_grp=0, usr_flg=0,
    flags=HIDDEN,
    spatialprops={
        pos={ -287.18, 30.88, -1606.32 },
        orient={ 
            { -0.8795163,0.0055874,-0.4758360 },
            { -0.2075287,0.8953302,0.3941010 },
            { 0.4282324,0.4453679,-0.7862980 }
         }
    },
    cameraprops={
        fovh=25,
        hvaspect=1.85,
        nearplane=0.2,
        farplane=30000
    }
}
,
{
    entity_name="cam_arrive",
    type=CAMERA,
    template_name="", lt_grp=0, srt_grp=0, usr_flg=0,
    flags=HIDDEN,
    spatialprops={
        pos={ 14.29, 3.29, -9.33 },
        orient={ 
            { -0.8629188,-0.0010705,-0.5053415 },
            { -0.0999135,0.9806189,0.1685346 },
            { 0.4953670,0.1959221,-0.8463014 }
         }
    },
    cameraprops={
        fovh=25,
        hvaspect=1.85,
        nearplane=0.2,
        farplane=30000
    }
}
,
{
    entity_name="cam_player",
    type=CAMERA,
    template_name="", lt_grp=0, srt_grp=0, usr_flg=0,
    flags=HIDDEN,
    spatialprops={
        pos={ 47.09, 18.06, -19.58 },
        orient={ 
            { -0.2558192,-0.0010721,-0.9667240 },
            { -0.1896738,0.9806185,0.0491049 },
            { 0.9479348,0.1959242,-0.2510644 }
         }
    },
    cameraprops={
        fovh=25,
        hvaspect=1.85,
        nearplane=0.2,
        farplane=30000
    }
}
,
{
    entity_name="cam_fly",
    type=CAMERA,
    template_name="", lt_grp=0, srt_grp=0, usr_flg=0,
    flags=HIDDEN,
    spatialprops={
        pos={ 485.05, 91.90, -861.17 },
        orient={ 
            { 0.5717935,-0.0041825,-0.8203869 },
            { -0.0716763,0.9959085,-0.0550343 },
            { 0.8172605,0.0902706,0.5691543 }
         }
    },
    cameraprops={
        fovh=35,
        hvaspect=1.85,
        nearplane=0.2,
        farplane=30000
    }
}
,
{
    entity_name="depot_open_sound",
    template_name="depot_open_sound",
    type=SOUND,lt_grp=0, srt_grp=0, usr_flg=0,
    
    spatialprops={
        pos={0,0,0},
        orient={
            {1,0,0},{0,1,0},{0,0,1}
        }
    },
    audioprops={attenuation=-6,pan=0,dmin=50,dmax=300,ain=360,aout=360,atout=0,rmix=0},
    userprops={category="Audio"  , Priority="Story_Sound_1"  }
}
,
{
    entity_name="depot_close_sound",
    template_name="depot_close_sound",
    type=SOUND,lt_grp=0, srt_grp=0, usr_flg=0,
    
    spatialprops={
        pos={0,0,0},
        orient={
            {1,0,0},{0,1,0},{0,0,1}
        }
    },
    audioprops={attenuation=-6,pan=0,dmin=50,dmax=300,ain=360,aout=360,atout=0,rmix=0},
    userprops={category="Audio"  , Priority="Story_Sound_1"  }
}
,
{
    entity_name="equipment_cart_stop",
    template_name="equipment_cart_stop",
    type=SOUND,lt_grp=0, srt_grp=0, usr_flg=0,
    
    spatialprops={
        pos={0,0,0},
        orient={
            {1,0,0},{0,1,0},{0,0,1}
        }
    },
    audioprops={attenuation=0,pan=0,dmin=50,dmax=300,ain=360,aout=360,atout=0,rmix=0},
    userprops={category="Audio"  , Priority="Story_Sound_1"  }
}
,
{
    entity_name="scene_bg1",
    type=COMPOUND,
    template_name="om13_nebula",
    lt_grp=100,
    srt_grp=-100,
    usr_flg=1,
    flags=LIT_DYNAMIC,
    spatialprops={
        pos={
            0.00, 0.00, 0.00
        },
        orient={ 
            { -1.0000000,-0.0000000,-0.0000000 }, 
            { 0.0000000,1.0000000,-0.0000000 },
            { 0.0000000,0.0000000,-1.0000000 }
         }
    },
    userprops={
        category="Prop"
    }
}
,
{
    entity_name="scene_bg2",
    type=COMPOUND,
    template_name="new_generic",
    lt_grp=100,
    srt_grp=-100,
    usr_flg=1,
    flags=LIT_DYNAMIC,
    spatialprops={
        pos={
            0.00, 0.00, 0.00
        },
        orient={ 
            { 1.0000000,0.0000000,0.0000000 }, 
            { 0.0000000,1.0000000,0.0000000 },
            { 0.0000000,0.0000000,1.0000000 }
         }
    },
    userprops={
        category="Prop"
    }
}
,
{
    entity_name="astbox_0_a",
    type=COMPOUND,
    template_name="om15_static_large_ast02",
    lt_grp=0,
    srt_grp=0,
    usr_flg=0,
    flags=LIT_DYNAMIC,
    spatialprops={
        pos={
            -3043.00, -815.00, -3323.00
        },
        orient={ 
            { -0.6985024,0.6870393,0.2001786 }, 
            { -0.5263593,-0.3037537,-0.7941534 },
            { -0.4848096,-0.6600839,0.5738022 }
         }
    },
    userprops={
        category="Solar"
    }
}
,
{
    entity_name="astbox_0_b",
    type=COMPOUND,
    template_name="om15_static_large_ast02",
    lt_grp=0,
    srt_grp=0,
    usr_flg=0,
    flags=LIT_DYNAMIC,
    spatialprops={
        pos={
            -2879.00, 632.00, -3385.00
        },
        orient={ 
            { 0.1014235,0.2562421,-0.9612769 }, 
            { -0.0252877,-0.9652833,-0.2599782 },
            { -0.9945219,0.0506764,-0.0914227 }
         }
    },
    userprops={
        category="Solar"
    }
}
,
{
    entity_name="astbox_1_a",
    type=COMPOUND,
    template_name="om15_static_large_ast02",
    lt_grp=0,
    srt_grp=0,
    usr_flg=0,
    flags=LIT_DYNAMIC,
    spatialprops={
        pos={
            -3222.00, -786.00, -2505.00
        },
        orient={ 
            { -0.5550248,-0.8091052,-0.1931224 }, 
            { 0.0681485,0.1871559,-0.9799635 },
            { 0.8290376,-0.5570650,-0.0487369 }
         }
    },
    userprops={
        category="Solar"
    }
}
,
{
    entity_name="astbox_1_b",
    type=COMPOUND,
    template_name="om15_static_large_ast02",
    lt_grp=0,
    srt_grp=0,
    usr_flg=0,
    flags=LIT_DYNAMIC,
    spatialprops={
        pos={
            -3272.00, 672.00, -2723.00
        },
        orient={ 
            { 0.7198463,0.0824770,0.6892161 }, 
            { 0.6040228,-0.5636676,-0.5634140 },
            { 0.3420201,0.8218737,-0.4555720 }
         }
    },
    userprops={
        category="Solar"
    }
}
,
{
    entity_name="astbox_2_a",
    type=COMPOUND,
    template_name="om15_static_large_ast01",
    lt_grp=0,
    srt_grp=0,
    usr_flg=0,
    flags=LIT_DYNAMIC,
    spatialprops={
        pos={
            -3090.00, -624.00, -1866.00
        },
        orient={ 
            { -0.1645188,-0.8704947,-0.4638669 }, 
            { 0.7126092,0.2202635,-0.6660872 },
            { 0.6819984,-0.4401396,0.5840850 }
         }
    },
    userprops={
        category="Solar"
    }
}
,
{
    entity_name="astbox_2_b",
    type=COMPOUND,
    template_name="om15_static_large_ast01",
    lt_grp=0,
    srt_grp=0,
    usr_flg=0,
    flags=LIT_DYNAMIC,
    spatialprops={
        pos={
            -2932.00, 859.00, -1688.00
        },
        orient={ 
            { 0.5875212,0.4145587,0.6949532 }, 
            { 0.7255283,-0.6501952,-0.2255104 },
            { 0.3583679,0.6367003,-0.6827775 }
         }
    },
    userprops={
        category="Solar"
    }
}
,
{
    entity_name="astbox_3_a",
    type=COMPOUND,
    template_name="om15_static_large_ast04",
    lt_grp=0,
    srt_grp=0,
    usr_flg=0,
    flags=LIT_DYNAMIC,
    spatialprops={
        pos={
            -2953.00, -924.00, -1103.00
        },
        orient={ 
            { -0.0845653,0.9879731,0.1294523 }, 
            { -0.8045851,0.0089323,-0.5937702 },
            { -0.5877853,-0.1543677,0.7941531 }
         }
    },
    userprops={
        category="Solar"
    }
}
,
{
    entity_name="astbox_3_b",
    type=COMPOUND,
    template_name="om15_static_large_ast04",
    lt_grp=0,
    srt_grp=0,
    usr_flg=0,
    flags=LIT_DYNAMIC,
    spatialprops={
        pos={
            -3032.00, 459.00, -948.00
        },
        orient={ 
            { -0.6839992,-0.6018766,0.4121768 }, 
            { -0.3189541,-0.2614030,-0.9110087 },
            { 0.6560590,-0.7545946,-0.0131715 }
         }
    },
    userprops={
        category="Solar"
    }
}
,
{
    entity_name="astbox_4_a",
    type=COMPOUND,
    template_name="om15_static_large_ast02",
    lt_grp=0,
    srt_grp=0,
    usr_flg=0,
    flags=LIT_DYNAMIC,
    spatialprops={
        pos={
            -3122.00, -813.00, -440.00
        },
        orient={ 
            { 0.3596699,0.9095821,-0.2080818 }, 
            { 0.3473292,-0.3374913,-0.8749069 },
            { -0.8660254,0.2424048,-0.4373099 }
         }
    },
    userprops={
        category="Solar"
    }
}
,
{
    entity_name="astbox_4_b",
    type=COMPOUND,
    template_name="om15_static_large_ast02",
    lt_grp=0,
    srt_grp=0,
    usr_flg=0,
    flags=LIT_DYNAMIC,
    spatialprops={
        pos={
            -3045.00, 745.00, -407.00
        },
        orient={ 
            { 0.2760975,0.9416997,-0.1922807 }, 
            { 0.1725248,-0.2453658,-0.9539554 },
            { -0.9455186,0.2302114,-0.2302114 }
         }
    },
    userprops={
        category="Solar"
    }
}
,
{
    entity_name="astbox_5_a",
    type=COMPOUND,
    template_name="om15_static_large_ast02",
    lt_grp=0,
    srt_grp=0,
    usr_flg=0,
    flags=LIT_DYNAMIC,
    spatialprops={
        pos={
            -2935.00, -266.00, 143.00
        },
        orient={ 
            { 0.0348995,0.6014484,0.7981490 }, 
            { 0.9993908,-0.0210030,-0.0278720 },
            { 0.0000000,0.7986355,-0.6018150 }
         }
    },
    userprops={
        category="Solar"
    }
}
,
{
    entity_name="astbox_5_b",
    type=COMPOUND,
    template_name="om15_static_large_ast02",
    lt_grp=0,
    srt_grp=0,
    usr_flg=0,
    flags=LIT_DYNAMIC,
    spatialprops={
        pos={
            -2926.00, 574.00, 373.00
        },
        orient={ 
            { -0.4194872,-0.7371515,-0.5297529 }, 
            { -0.3911782,-0.3798231,0.8382804 },
            { -0.8191520,0.5588757,-0.1290266 }
         }
    },
    userprops={
        category="Solar"
    }
}
,
{
    entity_name="astbox_6_a",
    type=COMPOUND,
    template_name="om15_static_large_ast04",
    lt_grp=0,
    srt_grp=0,
    usr_flg=0,
    flags=LIT_DYNAMIC,
    spatialprops={
        pos={
            -2954.00, -512.00, 998.00
        },
        orient={ 
            { -0.4893711,-0.8679831,0.0843878 }, 
            { -0.5435017,0.3792338,0.7488575 },
            { -0.6819984,0.3206044,-0.6573364 }
         }
    },
    userprops={
        category="Solar"
    }
}
,
{
    entity_name="astbox_6_b",
    type=COMPOUND,
    template_name="om15_static_large_ast04",
    lt_grp=0,
    srt_grp=0,
    usr_flg=0,
    flags=LIT_DYNAMIC,
    spatialprops={
        pos={
            -2886.00, 468.00, 1010.00
        },
        orient={ 
            { -0.6159380,0.1539007,-0.7726157 }, 
            { 0.2614502,-0.8852136,-0.3847606 },
            { -0.7431448,-0.4389892,0.5049993 }
         }
    },
    userprops={
        category="Solar"
    }
}
,
{
    entity_name="astbox_7_a",
    type=COMPOUND,
    template_name="om15_static_large_ast01",
    lt_grp=0,
    srt_grp=0,
    usr_flg=0,
    flags=LIT_DYNAMIC,
    spatialprops={
        pos={
            -3111.00, -870.00, 1559.00
        },
        orient={ 
            { -0.3512551,-0.3159645,-0.8813548 }, 
            { 0.5845867,0.6612926,-0.4700537 },
            { 0.7313537,-0.6803370,-0.0475738 }
         }
    },
    userprops={
        category="Solar"
    }
}
,
{
    entity_name="astbox_7_b",
    type=COMPOUND,
    template_name="om15_static_large_ast01",
    lt_grp=0,
    srt_grp=0,
    usr_flg=0,
    flags=LIT_DYNAMIC,
    spatialprops={
        pos={
            -3056.00, 545.00, 1484.00
        },
        orient={ 
            { 0.0453243,-0.4684651,0.8823187 }, 
            { -0.0261680,0.8823665,0.4698347 },
            { -0.9986295,-0.0443834,0.0277338 }
         }
    },
    userprops={
        category="Solar"
    }
}
,
{
    entity_name="astbox_8_a",
    type=COMPOUND,
    template_name="om15_static_large_ast01",
    lt_grp=0,
    srt_grp=0,
    usr_flg=0,
    flags=LIT_DYNAMIC,
    spatialprops={
        pos={
            -2999.00, -926.00, 2212.00
        },
        orient={ 
            { -0.5863534,0.7011043,0.4057616 }, 
            { 0.0410018,0.5259511,-0.8495259 },
            { -0.8090170,-0.4814855,-0.3371398 }
         }
    },
    userprops={
        category="Solar"
    }
}
,
{
    entity_name="astbox_8_b",
    type=COMPOUND,
    template_name="om15_static_large_ast01",
    lt_grp=0,
    srt_grp=0,
    usr_flg=0,
    flags=LIT_DYNAMIC,
    spatialprops={
        pos={
            -3018.00, 376.00, 2684.00
        },
        orient={ 
            { 0.0951869,0.7831130,0.6145514 }, 
            { -0.3113424,0.6098031,-0.7288389 },
            { -0.9455186,-0.1219600,0.3018615 }
         }
    },
    userprops={
        category="Solar"
    }
}
,
{
    entity_name="astbox_9_a",
    type=COMPOUND,
    template_name="om15_static_large_ast01",
    lt_grp=0,
    srt_grp=0,
    usr_flg=0,
    flags=LIT_DYNAMIC,
    spatialprops={
        pos={
            -3173.00, -336.00, 3364.00
        },
        orient={ 
            { 0.0345599,0.9737691,0.2248985 }, 
            { -0.0048571,-0.2248666,0.9743775 },
            { 0.9993908,-0.0347667,-0.0030417 }
         }
    },
    userprops={
        category="Solar"
    }
}
,
{
    entity_name="astbox_9_b",
    type=COMPOUND,
    template_name="om15_static_large_ast01",
    lt_grp=0,
    srt_grp=0,
    usr_flg=0,
    flags=LIT_DYNAMIC,
    spatialprops={
        pos={
            -3021.00, 381.00, 3238.00
        },
        orient={ 
            { -0.1045285,0.7273473,0.6782623 }, 
            { 0.0000000,0.6819984,-0.7313537 },
            { -0.9945219,-0.0764473,-0.0712882 }
         }
    },
    userprops={
        category="Solar"
    }
}
,
{
    entity_name="astbox_10_a",
    type=COMPOUND,
    template_name="om15_static_large_ast01",
    lt_grp=0,
    srt_grp=0,
    usr_flg=0,
    flags=LIT_DYNAMIC,
    spatialprops={
        pos={
            -2604.00, -268.00, -3344.00
        },
        orient={ 
            { 0.6236941,0.5946075,0.5073929 }, 
            { -0.7432896,0.6520410,0.1495425 },
            { -0.2419219,-0.4704087,0.8486398 }
         }
    },
    userprops={
        category="Solar"
    }
}
,
{
    entity_name="astbox_10_b",
    type=COMPOUND,
    template_name="om15_static_large_ast01",
    lt_grp=0,
    srt_grp=0,
    usr_flg=0,
    flags=LIT_DYNAMIC,
    spatialprops={
        pos={
            -2284.00, 636.00, -3414.00
        },
        orient={ 
            { 0.2823011,0.6360246,-0.7181774 }, 
            { -0.8688334,-0.1478961,-0.4724990 },
            { -0.4067366,0.7573635,0.5108481 }
         }
    },
    userprops={
        category="Solar"
    }
}
,
{
    entity_name="astbox_11_a",
    type=COMPOUND,
    template_name="om15_static_large_ast04",
    lt_grp=0,
    srt_grp=0,
    usr_flg=0,
    flags=LIT_DYNAMIC,
    spatialprops={
        pos={
            -2364.00, -923.00, -2216.00
        },
        orient={ 
            { -0.1094435,0.7886131,-0.6050715 }, 
            { 0.1563016,-0.5875015,-0.7939848 },
            { -0.9816272,-0.1814701,-0.0589632 }
         }
    },
    userprops={
        category="Solar"
    }
}
,
{
    entity_name="astbox_11_b",
    type=COMPOUND,
    template_name="om15_static_large_ast04",
    lt_grp=0,
    srt_grp=0,
    usr_flg=0,
    flags=LIT_DYNAMIC,
    spatialprops={
        pos={
            -2508.00, 421.00, -2304.00
        },
        orient={ 
            { 0.6461097,0.3220159,0.6919885 }, 
            { -0.4868786,-0.5243256,0.6985928 },
            { 0.5877853,-0.7882819,-0.1819892 }
         }
    },
    userprops={
        category="Solar"
    }
}
,
{
    entity_name="astbox_12_a",
    type=COMPOUND,
    template_name="om15_static_large_ast01",
    lt_grp=0,
    srt_grp=0,
    usr_flg=0,
    flags=LIT_DYNAMIC,
    spatialprops={
        pos={
            -2684.00, -696.00, -1711.00
        },
        orient={ 
            { -0.3099755,0.2341137,0.9214694 }, 
            { 0.8516507,0.4991992,0.1596597 },
            { -0.4226183,0.8342607,-0.3541227 }
         }
    },
    userprops={
        category="Solar"
    }
}
,
{
    entity_name="astbox_12_b",
    type=COMPOUND,
    template_name="om15_static_large_ast01",
    lt_grp=0,
    srt_grp=0,
    usr_flg=0,
    flags=LIT_DYNAMIC,
    spatialprops={
        pos={
            -2403.00, 760.00, -2030.00
        },
        orient={ 
            { 0.0348782,-0.1034158,-0.9940265 }, 
            { 0.0604109,-0.9925947,0.1053865 },
            { -0.9975641,-0.0637257,-0.0283725 }
         }
    },
    userprops={
        category="Solar"
    }
}
,
{
    entity_name="astbox_13_a",
    type=COMPOUND,
    template_name="om15_static_large_ast02",
    lt_grp=0,
    srt_grp=0,
    usr_flg=0,
    flags=LIT_DYNAMIC,
    spatialprops={
        pos={
            -2436.00, -567.00, -1243.00
        },
        orient={ 
            { -0.3556967,0.4433935,0.8227284 }, 
            { -0.9266217,-0.2820972,-0.2485829 },
            { 0.1218693,-0.8507781,0.5111991 }
         }
    },
    userprops={
        category="Solar"
    }
}
,
{
    entity_name="astbox_13_b",
    type=COMPOUND,
    template_name="om15_static_large_ast02",
    lt_grp=0,
    srt_grp=0,
    usr_flg=0,
    flags=LIT_DYNAMIC,
    spatialprops={
        pos={
            -2232.00, 703.00, -857.00
        },
        orient={ 
            { -0.8054738,-0.4711044,-0.3595450 }, 
            { -0.4839775,0.1727719,0.8578553 },
            { -0.3420201,0.8649916,-0.3671672 }
         }
    },
    userprops={
        category="Solar"
    }
}
,
{
    entity_name="astbox_14_a",
    type=COMPOUND,
    template_name="om15_static_large_ast02",
    lt_grp=0,
    srt_grp=0,
    usr_flg=0,
    flags=LIT_DYNAMIC,
    spatialprops={
        pos={
            -2676.00, -377.00, -220.00
        },
        orient={ 
            { 0.0233523,-0.4920852,0.8702338 }, 
            { 0.6687230,-0.6393739,-0.3794873 },
            { 0.7431448,0.5908073,0.3141378 }
         }
    },
    userprops={
        category="Solar"
    }
}
,
{
    entity_name="astbox_14_b",
    type=COMPOUND,
    template_name="om15_static_large_ast02",
    lt_grp=0,
    srt_grp=0,
    usr_flg=0,
    flags=LIT_DYNAMIC,
    spatialprops={
        pos={
            -2588.00, 650.00, -566.00
        },
        orient={ 
            { -0.9402558,0.1048992,0.3239061 }, 
            { 0.2696140,-0.3515496,0.8965050 },
            { 0.2079117,0.9302736,0.3022642 }
         }
    },
    userprops={
        category="Solar"
    }
}
,
{
    entity_name="astbox_15_a",
    type=COMPOUND,
    template_name="om15_static_large_ast04",
    lt_grp=0,
    srt_grp=0,
    usr_flg=0,
    flags=LIT_DYNAMIC,
    spatialprops={
        pos={
            -2367.00, -293.00, 208.00
        },
        orient={ 
            { -0.7908632,-0.2475080,0.5597098 }, 
            { -0.1111486,-0.8412691,-0.5290673 },
            { 0.6018150,-0.4806308,0.6378187 }
         }
    },
    userprops={
        category="Solar"
    }
}
,
{
    entity_name="astbox_15_b",
    type=COMPOUND,
    template_name="om15_static_large_ast04",
    lt_grp=0,
    srt_grp=0,
    usr_flg=0,
    flags=LIT_DYNAMIC,
    spatialprops={
        pos={
            -2419.00, 468.00, 196.00
        },
        orient={ 
            { -0.2633902,0.1416173,0.9542380 }, 
            { 0.7649406,-0.5720391,0.2960356 },
            { 0.5877853,0.8079083,0.0423407 }
         }
    },
    userprops={
        category="Solar"
    }
}
,
{
    entity_name="astbox_16_a",
    type=COMPOUND,
    template_name="om15_static_large_ast01",
    lt_grp=0,
    srt_grp=0,
    usr_flg=0,
    flags=LIT_DYNAMIC,
    spatialprops={
        pos={
            -2331.00, -599.00, 792.00
        },
        orient={ 
            { -0.0858317,-0.4190149,0.9039134 }, 
            { 0.9810603,0.1225824,0.1499810 },
            { -0.1736482,0.8996666,0.4005574 }
         }
    },
    userprops={
        category="Solar"
    }
}
,
{
    entity_name="astbox_16_b",
    type=COMPOUND,
    template_name="om15_static_large_ast01",
    lt_grp=0,
    srt_grp=0,
    usr_flg=0,
    flags=LIT_DYNAMIC,
    spatialprops={
        pos={
            -2617.00, 634.00, 909.00
        },
        orient={ 
            { -0.2113848,-0.9503290,-0.2284541 }, 
            { 0.0769378,-0.2491892,0.9653939 },
            { -0.9743701,0.1864929,0.1257910 }
         }
    },
    userprops={
        category="Solar"
    }
}
,
{
    entity_name="astbox_17_a",
    type=COMPOUND,
    template_name="om15_static_large_ast04",
    lt_grp=0,
    srt_grp=0,
    usr_flg=0,
    flags=LIT_DYNAMIC,
    spatialprops={
        pos={
            -2585.00, -388.00, 1912.00
        },
        orient={ 
            { 0.0107845,-0.9061794,0.4227559 }, 
            { -0.0331914,0.4222231,0.9058841 },
            { -0.9993908,-0.0238014,-0.0255239 }
         }
    },
    userprops={
        category="Solar"
    }
}
,
{
    entity_name="astbox_17_b",
    type=COMPOUND,
    template_name="om15_static_large_ast04",
    lt_grp=0,
    srt_grp=0,
    usr_flg=0,
    flags=LIT_DYNAMIC,
    spatialprops={
        pos={
            -2209.00, 510.00, 1566.00
        },
        orient={ 
            { 0.0113622,0.2247538,0.9743493 }, 
            { 0.0329981,0.9737972,-0.2250113 },
            { -0.9993908,0.0347083,0.0036480 }
         }
    },
    userprops={
        category="Solar"
    }
}
,
{
    entity_name="astbox_18_a",
    type=COMPOUND,
    template_name="om15_static_large_ast02",
    lt_grp=0,
    srt_grp=0,
    usr_flg=0,
    flags=LIT_DYNAMIC,
    spatialprops={
        pos={
            -2443.00, -450.00, 2194.00
        },
        orient={ 
            { 0.2300814,0.8631039,0.4495712 }, 
            { 0.0747580,0.4449244,-0.8924425 },
            { -0.9702957,0.2389434,0.0378449 }
         }
    },
    userprops={
        category="Solar"
    }
}
,
{
    entity_name="astbox_18_b",
    type=COMPOUND,
    template_name="om15_static_large_ast02",
    lt_grp=0,
    srt_grp=0,
    usr_flg=0,
    flags=LIT_DYNAMIC,
    spatialprops={
        pos={
            -2406.00, 570.00, 2709.00
        },
        orient={ 
            { 0.5147107,0.3633515,0.7765620 }, 
            { 0.4474312,0.6587952,-0.6048092 },
            { -0.7313537,0.6587598,0.1765142 }
         }
    },
    userprops={
        category="Solar"
    }
}
,
{
    entity_name="astbox_19_a",
    type=COMPOUND,
    template_name="om15_static_large_ast02",
    lt_grp=0,
    srt_grp=0,
    usr_flg=0,
    flags=LIT_DYNAMIC,
    spatialprops={
        pos={
            -2450.00, -838.00, 3308.00
        },
        orient={ 
            { 0.2970462,-0.9513986,-0.0812666 }, 
            { -0.9142142,-0.2588010,-0.3118243 },
            { 0.2756374,0.1669213,-0.9466580 }
         }
    },
    userprops={
        category="Solar"
    }
}
,
{
    entity_name="astbox_19_b",
    type=COMPOUND,
    template_name="om15_static_large_ast02",
    lt_grp=0,
    srt_grp=0,
    usr_flg=0,
    flags=LIT_DYNAMIC,
    spatialprops={
        pos={
            -2281.00, 363.00, 3284.00
        },
        orient={ 
            { -0.4428956,0.8145091,0.3747244 }, 
            { -0.7990049,-0.5481778,0.2471685 },
            { 0.4067366,-0.1899368,0.8935823 }
         }
    },
    userprops={
        category="Solar"
    }
}
,
{
    entity_name="astbox_20_a",
    type=COMPOUND,
    template_name="om15_static_large_ast04",
    lt_grp=0,
    srt_grp=0,
    usr_flg=0,
    flags=LIT_DYNAMIC,
    spatialprops={
        pos={
            -1791.00, -925.00, -3035.00
        },
        orient={ 
            { -0.8876160,0.4522629,0.0871557 }, 
            { 0.0776563,-0.0395679,0.9961947 },
            { 0.4539905,0.8910065,-0.0000000 }
         }
    },
    userprops={
        category="Solar"
    }
}
,
{
    entity_name="astbox_20_b",
    type=COMPOUND,
    template_name="om15_static_large_ast04",
    lt_grp=0,
    srt_grp=0,
    usr_flg=0,
    flags=LIT_DYNAMIC,
    spatialprops={
        pos={
            -1976.00, 391.00, -3361.00
        },
        orient={ 
            { 0.5517483,-0.4442900,0.7058188 }, 
            { 0.4008686,-0.6008504,-0.6915802 },
            { 0.7313537,0.6645188,-0.1534163 }
         }
    },
    userprops={
        category="Solar"
    }
}
,
{
    entity_name="astbox_21_a",
    type=COMPOUND,
    template_name="om15_static_large_ast02",
    lt_grp=0,
    srt_grp=0,
    usr_flg=0,
    flags=LIT_DYNAMIC,
    spatialprops={
        pos={
            -1799.00, -799.00, -2564.00
        },
        orient={ 
            { 0.7573635,-0.1742110,0.6293259 }, 
            { 0.3372000,-0.7209748,-0.6053854 },
            { 0.5591929,0.6707055,-0.4872961 }
         }
    },
    userprops={
        category="Solar"
    }
}
,
{
    entity_name="astbox_21_b",
    type=COMPOUND,
