duration=2027

entities={
	{
		entity_name="Scene_m13_csv",
		type=SCENE,
		template_name="",
		template_id=0,
		spatialprops={
			pos={0,0,0},
			orient={
				{1,0,0},
				{0,1,0},
				{0,0,1}
			}
		},
		up=Y_AXIS,
		front=Z_AXIS,
		ambient={
		    0,
		    0,
		    0
		}
	},

	{
		entity_name="Monitor_1",
		type=MONITOR,
		template_name="",
		template_id=0
	},
	{
		entity_name="offscreen",
		type=MARKER,
		template_name="",
		lt_grp=0,
		srt_grp=0,
		usr_flg=0,
		flags=HIDDEN,
		spatialprops={pos={-10000000,-10000,0},orient={ {1,0,0},{0,1,0},{0,0,1} } },
	},

	{
		entity_name="offscreen_back",
		type=MARKER,
		template_name="",
		lt_grp=0,
		srt_grp=0,
		usr_flg=0,
		flags=HIDDEN,
		spatialprops={pos={0,-10000,-10000000},orient={ {1,0,0},{0,1,0},{0,0,1} } },
	},

    

	{
    entity_name="automarker_default_point",
    type=MARKER,
    template_name="",lt_grp=0,srt_grp=0,usr_flg=0,
    spatialprops={
        pos={ 0.00, 0.00, 0.00 },
        orient={ 
            { 1.0000000,0.0000000,0.0000000 },
            { 0.0000000,1.0000000,0.0000000 },
            { 0.0000000,0.0000000,1.0000000 }
         }
    }
}
,
{
    entity_name="automarker_offscreen_point",
    type=MARKER,
    template_name="",lt_grp=0,srt_grp=0,usr_flg=0,
    spatialprops={
        pos={ 0.00, -10000.00, 0.00 },
        orient={ 
            { 1.0000000,0.0000000,0.0000000 },
            { 0.0000000,1.0000000,0.0000000 },
            { 0.0000000,0.0000000,1.0000000 }
         }
    }
}
,
{
    entity_name="automarker_shiplook",
    type=MARKER,
    template_name="",lt_grp=0,srt_grp=0,usr_flg=0,
    spatialprops={
        pos={ 41.73, 15.24, 27.66 },
        orient={ 
            { 1.0000000,0.0000000,0.0000000 },
            { 0.0000000,1.0000000,0.0000000 },
            { 0.0000000,0.0000000,1.0000000 }
         }
    }
}
,
{
    entity_name="automarker_cam_dbg",
    type=MARKER,
    template_name="",lt_grp=0,srt_grp=0,usr_flg=0,
    spatialprops={
        pos={ 15.48, 17.16, -24.58 },
        orient={ 
            { 1.0000000,0.0000000,0.0000000 },
            { 0.0000000,1.0000000,0.0000000 },
            { 0.0000000,0.0000000,1.0000000 }
         }
    }
}
,
{
    entity_name="automarker_cam_dbg_focus",
    type=MARKER,
    template_name="",lt_grp=0,srt_grp=0,usr_flg=0,
    spatialprops={
        pos={ -0.08, -0.01, -0.25 },
        orient={ 
            { 1.0000000,0.0000000,0.0000000 },
            { 0.0000000,1.0000000,0.0000000 },
            { 0.0000000,0.0000000,1.0000000 }
         }
    }
}
,
{
    entity_name="automarker_ship",
    type=MARKER,
    template_name="",lt_grp=0,srt_grp=0,usr_flg=0,
    spatialprops={
        pos={ 0.33, 0.05, 0.07 },
        orient={ 
            { 1.0000000,0.0000000,0.0000000 },
            { 0.0000000,1.0000000,0.0000000 },
            { 0.0000000,0.0000000,1.0000000 }
         }
    }
}
,
{
    entity_name="automarker_cam_dbg2",
    type=MARKER,
    template_name="",lt_grp=0,srt_grp=0,usr_flg=0,
    spatialprops={
        pos={ -101.24, 10.88, -12.52 },
        orient={ 
            { 1.0000000,0.0000000,0.0000000 },
            { 0.0000000,1.0000000,0.0000000 },
            { 0.0000000,0.0000000,1.0000000 }
         }
    }
}
,
{
    entity_name="automarker_bh",
    type=MARKER,
    template_name="",lt_grp=0,srt_grp=0,usr_flg=0,
    spatialprops={
        pos={ 0.33, -8.78, 535.81 },
        orient={ 
            { 1.0000000,0.0000000,0.0000000 },
            { 0.0000000,0.8660254,-0.5000000 },
            { 0.0000000,0.5000000,0.8660254 }
         }
    }
}
,
{
    entity_name="automarker_csv_test",
    type=MARKER,
    template_name="",lt_grp=0,srt_grp=0,usr_flg=0,
    spatialprops={
        pos={ -35.84, 0.00, -0.00 },
        orient={ 
            { 1.0000000,0.0000000,0.0000000 },
            { 0.0000000,1.0000000,0.0000000 },
            { 0.0000000,0.0000000,1.0000000 }
         }
    }
}
,
{
    entity_name="automarker_csv_test2",
    type=MARKER,
    template_name="",lt_grp=0,srt_grp=0,usr_flg=0,
    spatialprops={
        pos={ -35.84, 0.00, -80.13 },
        orient={ 
            { 1.0000000,0.0000000,0.0000000 },
            { 0.0000000,1.0000000,0.0000000 },
            { 0.0000000,0.0000000,1.0000000 }
         }
    }
}
,
{
    entity_name="automarker_csv_launch",
    type=MARKER,
    template_name="",lt_grp=0,srt_grp=0,usr_flg=0,
    spatialprops={
        pos={ -486.86, -12.65, -1653.69 },
        orient={ 
            { 0.8660254,-0.0000000,-0.5000000 },
            { 0.0000000,1.0000000,-0.0000000 },
            { 0.5000000,0.0000000,0.8660254 }
         }
    }
}
,
{
    entity_name="automarker_logos_launch",
    type=MARKER,
    template_name="",lt_grp=0,srt_grp=0,usr_flg=0,
    spatialprops={
        pos={ -517.79, 20.27, -1708.67 },
        orient={ 
            { -0.8660254,0.0000000,0.5000000 },
            { 0.0000000,1.0000000,0.0000000 },
            { -0.5000000,0.0000000,-0.8660254 }
         }
    }
}
,
{
    entity_name="automarker_logos_start",
    type=MARKER,
    template_name="",lt_grp=0,srt_grp=0,usr_flg=0,
    spatialprops={
        pos={ -1298.52, 20.27, -2942.76 },
        orient={ 
            { -0.8660254,0.0000000,0.5000000 },
            { 0.0000000,1.0000000,0.0000000 },
            { -0.5000000,0.0000000,-0.8660254 }
         }
    }
}
,
{
    entity_name="automarker_cam_start",
    type=MARKER,
    template_name="",lt_grp=0,srt_grp=0,usr_flg=0,
    spatialprops={
        pos={ -1052.62, 4.94, -2882.78 },
        orient={ 
            { 1.0000000,0.0000000,0.0000000 },
            { 0.0000000,1.0000000,0.0000000 },
            { 0.0000000,0.0000000,1.0000000 }
         }
    }
}
,
{
    entity_name="automarker_cam_start_focus",
    type=MARKER,
    template_name="",lt_grp=0,srt_grp=0,usr_flg=0,
    spatialprops={
        pos={ -778.71, -0.01, -2257.14 },
        orient={ 
            { 1.0000000,0.0000000,0.0000000 },
            { 0.0000000,1.0000000,0.0000000 },
            { 0.0000000,0.0000000,1.0000000 }
         }
    }
}
,
{
    entity_name="automarker_cam_launch",
    type=MARKER,
    template_name="",lt_grp=0,srt_grp=0,usr_flg=0,
    spatialprops={
        pos={ -287.18, 30.88, -1606.32 },
        orient={ 
            { 1.0000000,0.0000000,0.0000000 },
            { 0.0000000,1.0000000,0.0000000 },
            { 0.0000000,0.0000000,1.0000000 }
         }
    }
}
,
{
    entity_name="automarker_cam_launch_focus",
    type=MARKER,
    template_name="",lt_grp=0,srt_grp=0,usr_flg=0,
    spatialprops={
        pos={ -481.48, -28.21, -1652.94 },
        orient={ 
            { 1.0000000,0.0000000,0.0000000 },
            { 0.0000000,1.0000000,0.0000000 },
            { 0.0000000,0.0000000,1.0000000 }
         }
    }
}
,
{
    entity_name="automarker_cam_launch2",
    type=MARKER,
    template_name="",lt_grp=0,srt_grp=0,usr_flg=0,
    spatialprops={
        pos={ -287.18, -15.75, -1606.32 },
        orient={ 
            { 1.0000000,0.0000000,0.0000000 },
            { 0.0000000,1.0000000,0.0000000 },
            { 0.0000000,0.0000000,1.0000000 }
         }
    }
}
,
{
    entity_name="automarker_csv_launch2",
    type=MARKER,
    template_name="",lt_grp=0,srt_grp=0,usr_flg=0,
    spatialprops={
        pos={ -486.86, -38.44, -1653.69 },
        orient={ 
            { 0.8660254,-0.0000000,-0.5000000 },
            { 0.0000000,1.0000000,-0.0000000 },
            { 0.5000000,0.0000000,0.8660254 }
         }
    }
}
,
{
    entity_name="automarker_cam_xdbg",
    type=MARKER,
    template_name="",lt_grp=0,srt_grp=0,usr_flg=0,
    spatialprops={
        pos={ -470.98, 51.40, -1656.31 },
        orient={ 
            { 1.0000000,0.0000000,0.0000000 },
            { 0.0000000,1.0000000,0.0000000 },
            { 0.0000000,0.0000000,1.0000000 }
         }
    }
}
,
{
    entity_name="automarker_cam_xdbg_focus",
    type=MARKER,
    template_name="",lt_grp=0,srt_grp=0,usr_flg=0,
    spatialprops={
        pos={ -481.48, -28.21, -1652.94 },
        orient={ 
            { 1.0000000,0.0000000,0.0000000 },
            { 0.0000000,1.0000000,0.0000000 },
            { 0.0000000,0.0000000,1.0000000 }
         }
    }
}
,
{
    entity_name="automarker_cam_launch3",
    type=MARKER,
    template_name="",lt_grp=0,srt_grp=0,usr_flg=0,
    spatialprops={
        pos={ -287.18, -36.20, -1606.32 },
        orient={ 
            { 1.0000000,0.0000000,0.0000000 },
            { 0.0000000,1.0000000,0.0000000 },
            { 0.0000000,0.0000000,1.0000000 }
         }
    }
}
,
{
    entity_name="automarker_cam_launch_focus3",
    type=MARKER,
    template_name="",lt_grp=0,srt_grp=0,usr_flg=0,
    spatialprops={
        pos={ -481.48, -45.27, -1652.94 },
        orient={ 
            { 1.0000000,0.0000000,0.0000000 },
            { 0.0000000,1.0000000,0.0000000 },
            { 0.0000000,0.0000000,1.0000000 }
         }
    }
}
,
{
    entity_name="automarker_csv_alt",
    type=MARKER,
    template_name="",lt_grp=0,srt_grp=0,usr_flg=0,
    spatialprops={
        pos={ -1.25, -9.20, -0.00 },
        orient={ 
            { 1.0000000,0.0000000,0.0000000 },
            { 0.0000000,1.0000000,0.0000000 },
            { 0.0000000,0.0000000,1.0000000 }
         }
    }
}
,
{
    entity_name="cam_dbg",
    type=CAMERA,
    template_name="", lt_grp=0, srt_grp=0, usr_flg=0,
    flags=HIDDEN,
    spatialprops={
        pos={ 15.48, 17.16, -24.58 },
        orient={ 
            { 1.0000000,0.0000000,0.0000000 },
            { 0.0000000,1.0000000,0.0000000 },
            { 0.0000000,0.0000000,1.0000000 }
         }
    },
    cameraprops={
        fovh=30,
        hvaspect=1.85,
        nearplane=0.2,
        farplane=30000
    }
}
,
{
    entity_name="cam_xdbg",
    type=CAMERA,
    template_name="", lt_grp=0, srt_grp=0, usr_flg=0,
    flags=HIDDEN,
    spatialprops={
        pos={ -470.98, 51.40, -1656.31 },
        orient={ 
            { 1.0000000,0.0000000,0.0000000 },
            { 0.0000000,1.0000000,0.0000000 },
            { 0.0000000,0.0000000,1.0000000 }
         }
    },
    cameraprops={
        fovh=30,
        hvaspect=1.85,
        nearplane=0.2,
        farplane=30000
    }
}
,
{
    entity_name="cam_start",
    type=CAMERA,
    template_name="", lt_grp=0, srt_grp=0, usr_flg=0,
    flags=HIDDEN,
    spatialprops={
        pos={ -1052.62, 4.94, -2882.78 },
        orient={ 
            { 1.0000000,0.0000000,0.0000000 },
            { 0.0000000,1.0000000,0.0000000 },
            { 0.0000000,0.0000000,1.0000000 }
         }
    },
    cameraprops={
        fovh=30,
        hvaspect=1.85,
        nearplane=0.2,
        farplane=30000
    }
}
,
{
    entity_name="cam_launch",
    type=CAMERA,
    template_name="", lt_grp=0, srt_grp=0, usr_flg=0,
    flags=HIDDEN,
    spatialprops={
        pos={ -287.18, 30.88, -1606.32 },
        orient={ 
            { 1.0000000,0.0000000,0.0000000 },
            { 0.0000000,1.0000000,0.0000000 },
            { 0.0000000,0.0000000,1.0000000 }
         }
    },
    cameraprops={
        fovh=25,
        hvaspect=1.85,
        nearplane=0.2,
        farplane=30000
    }
}
,
{
    entity_name="depot_open_sound",
    template_name="depot_open_sound",
    type=SOUND,lt_grp=0, srt_grp=0, usr_flg=0,
    
    spatialprops={
        pos={0,0,0},
        orient={
            {1,0,0},{0,1,0},{0,0,1}
        }
    },
    audioprops={attenuation=-6,pan=0,dmin=50,dmax=300,ain=360,aout=360,atout=0,rmix=0},
    userprops={category="Audio"  , Priority="Story_Sound_1"  }
}
,
{
    entity_name="depot_close_sound",
    template_name="depot_close_sound",
    type=SOUND,lt_grp=0, srt_grp=0, usr_flg=0,
    
    spatialprops={
        pos={0,0,0},
        orient={
            {1,0,0},{0,1,0},{0,0,1}
        }
    },
    audioprops={attenuation=-6,pan=0,dmin=50,dmax=300,ain=360,aout=360,atout=0,rmix=0},
    userprops={category="Audio"  , Priority="Story_Sound_1"  }
}
,
{
    entity_name="scene_bg1",
    type=COMPOUND,
    template_name="om13_nebula",
    lt_grp=100,
    srt_grp=-100,
    usr_flg=1,
    flags=LIT_DYNAMIC,
    spatialprops={
        pos={
            0.00, 0.00, 0.00
        },
        orient={ 
            { -1.0000000,-0.0000000,-0.0000000 }, 
            { 0.0000000,1.0000000,-0.0000000 },
            { 0.0000000,0.0000000,-1.0000000 }
         }
    },
    userprops={
        category="Prop"
    }
}
,
{
    entity_name="scene_bg2",
    type=COMPOUND,
    template_name="new_generic",
    lt_grp=100,
    srt_grp=-100,
    usr_flg=1,
    flags=LIT_DYNAMIC,
    spatialprops={
        pos={
            0.00, 0.00, 0.00
        },
        orient={ 
            { 1.0000000,0.0000000,0.0000000 }, 
            { 0.0000000,1.0000000,0.0000000 },
            { 0.0000000,0.0000000,1.0000000 }
         }
    },
    userprops={
        category="Prop"
    }
}
,
{
    entity_name="astbox_0_a",
    type=COMPOUND,
    template_name="om15_static_large_ast01",
    lt_grp=0,
    srt_grp=0,
    usr_flg=0,
    flags=LIT_DYNAMIC,
    spatialprops={
        pos={
            -2898.00, -912.00, -3240.00
        },
        orient={ 
            { -0.5072135,-0.8348349,0.2139749 }, 
            { 0.0894354,-0.2979298,-0.9503889 },
            { 0.8571673,-0.4629132,0.2257778 }
         }
    },
    userprops={
        category="Solar"
    }
}
,
{
    entity_name="astbox_0_b",
    type=COMPOUND,
    template_name="om15_static_large_ast01",
    lt_grp=0,
    srt_grp=0,
    usr_flg=0,
    flags=LIT_DYNAMIC,
    spatialprops={
        pos={
            -3006.00, 358.00, -2896.00
        },
        orient={ 
            { 0.1782151,-0.7707395,-0.6117189 }, 
            { 0.1070824,0.6331698,-0.7665699 },
            { 0.9781476,0.0711100,0.1953731 }
         }
    },
    userprops={
        category="Solar"
    }
}
,
{
    entity_name="astbox_1_a",
    type=COMPOUND,
    template_name="om15_static_large_ast01",
    lt_grp=0,
    srt_grp=0,
    usr_flg=0,
    flags=LIT_DYNAMIC,
    spatialprops={
        pos={
            -3230.00, -551.00, -2410.00
        },
        orient={ 
            { -0.5681638,-0.6782525,0.4660081 }, 
            { -0.6535977,0.7160081,0.2452398 },
            { -0.5000000,-0.1652454,-0.8501141 }
         }
    },
    userprops={
        category="Solar"
    }
}
,
{
    entity_name="astbox_1_b",
    type=COMPOUND,
    template_name="om15_static_large_ast01",
    lt_grp=0,
    srt_grp=0,
    usr_flg=0,
    flags=LIT_DYNAMIC,
    spatialprops={
        pos={
            -3015.00, 639.00, -2492.00
        },
        orient={ 
            { -0.1395489,0.4883798,-0.8614008 }, 
            { -0.7179167,0.5492417,0.4277022 },
            { 0.6819984,0.6780993,0.2739699 }
         }
    },
    userprops={
        category="Solar"
    }
}
,
{
    entity_name="astbox_2_a",
    type=COMPOUND,
    template_name="om15_static_large_ast02",
    lt_grp=0,
    srt_grp=0,
    usr_flg=0,
    flags=LIT_DYNAMIC,
    spatialprops={
        pos={
            -3384.00, -903.00, -1914.00
        },
        orient={ 
            { -0.1618152,-0.0777788,0.9837511 }, 
            { 0.1011134,0.9903354,0.0949313 },
            { -0.9816272,0.1148317,-0.1523868 }
         }
    },
    userprops={
        category="Solar"
    }
}
,
{
    entity_name="astbox_2_b",
    type=COMPOUND,
    template_name="om15_static_large_ast02",
    lt_grp=0,
    srt_grp=0,
    usr_flg=0,
    flags=LIT_DYNAMIC,
    spatialprops={
        pos={
            -3029.00, 758.00, -1707.00
        },
        orient={ 
            { 0.0113622,-0.8088545,0.5878990 }, 
            { 0.0329981,-0.5873134,-0.8086866 },
            { 0.9993908,0.0285880,0.0200175 }
         }
    },
    userprops={
        category="Solar"
    }
}
,
{
    entity_name="astbox_3_a",
    type=COMPOUND,
    template_name="om15_static_large_ast04",
    lt_grp=0,
    srt_grp=0,
    usr_flg=0,
    flags=LIT_DYNAMIC,
    spatialprops={
        pos={
            -3026.00, -562.00, -1044.00
        },
        orient={ 
            { 0.5540323,0.0741952,-0.8291823 }, 
            { -0.1484525,0.9888616,-0.0107077 },
            { 0.8191520,0.1290266,0.5588757 }
         }
    },
    userprops={
        category="Solar"
    }
}
,
{
    entity_name="astbox_3_b",
    type=COMPOUND,
    template_name="om15_static_large_ast04",
    lt_grp=0,
    srt_grp=0,
    usr_flg=0,
    flags=LIT_DYNAMIC,
    spatialprops={
        pos={
            -2891.00, 281.00, -958.00
        },
        orient={ 
            { 0.6983277,-0.4460101,-0.5598334 }, 
            { -0.2541705,-0.8856761,0.3885552 },
            { -0.6691306,-0.1290457,-0.7318548 }
         }
    },
    userprops={
        category="Solar"
    }
}
,
{
    entity_name="astbox_4_a",
    type=COMPOUND,
    template_name="om15_static_large_ast04",
    lt_grp=0,
    srt_grp=0,
    usr_flg=0,
    flags=LIT_DYNAMIC,
    spatialprops={
        pos={
            -2947.00, -863.00, -430.00
        },
        orient={ 
            { -0.7981490,-0.5146631,-0.3131774 }, 
            { -0.0278720,-0.4877302,0.8725494 },
            { -0.6018150,0.7051533,0.3749367 }
         }
    },
    userprops={
        category="Solar"
    }
}
,
{
    entity_name="astbox_4_b",
    type=COMPOUND,
    template_name="om15_static_large_ast04",
    lt_grp=0,
    srt_grp=0,
    usr_flg=0,
    flags=LIT_DYNAMIC,
    spatialprops={
        pos={
            -2983.00, 742.00, -279.00
        },
        orient={ 
            { -0.4377704,0.7040017,0.5592305 }, 
            { 0.8975623,0.3784077,0.2262511 },
            { -0.0523360,0.6009903,-0.7975410 }
         }
    },
    userprops={
        category="Solar"
    }
}
,
{
    entity_name="astbox_5_a",
    type=COMPOUND,
    template_name="om15_static_large_ast01",
    lt_grp=0,
    srt_grp=0,
    usr_flg=0,
    flags=LIT_DYNAMIC,
    spatialprops={
        pos={
            -3164.00, -411.00, 383.00
        },
        orient={ 
            { 0.1093817,0.3763395,0.9200023 }, 
            { -0.2345697,-0.8896420,0.3918089 },
            { 0.9659258,-0.2586614,-0.0090327 }
         }
    },
    userprops={
        category="Solar"
    }
}
,
{
    entity_name="astbox_5_b",
    type=COMPOUND,
    template_name="om15_static_large_ast01",
    lt_grp=0,
    srt_grp=0,
    usr_flg=0,
    flags=LIT_DYNAMIC,
    spatialprops={
        pos={
            -2889.00, 590.00, 416.00
        },
        orient={ 
            { 0.2182690,0.9552543,0.1996193 }, 
            { 0.9454271,-0.1562768,-0.2859111 },
            { -0.2419219,0.2511310,-0.9372337 }
         }
    },
    userprops={
        category="Solar"
    }
}
,
{
    entity_name="astbox_6_a",
    type=COMPOUND,
    template_name="om15_static_large_ast04",
    lt_grp=0,
    srt_grp=0,
    usr_flg=0,
    flags=LIT_DYNAMIC,
    spatialprops={
        pos={
            -3421.00, -338.00, 1276.00
        },
        orient={ 
            { -0.0331914,0.5533519,0.8322860 }, 
            { -0.9504772,0.2399980,-0.1974694 },
            { -0.3090170,-0.7976231,0.5179825 }
         }
    },
    userprops={
        category="Solar"
    }
}
,
{
    entity_name="astbox_6_b",
    type=COMPOUND,
    template_name="om15_static_large_ast04",
    lt_grp=0,
    srt_grp=0,
    usr_flg=0,
    flags=LIT_DYNAMIC,
    spatialprops={
        pos={
            -3357.00, 475.00, 1156.00
        },
        orient={ 
            { -0.1791840,-0.2987068,-0.9373726 }, 
            { -0.3103557,0.9213042,-0.2342602 },
            { 0.9335804,0.2489433,-0.2577883 }
         }
    },
    userprops={
        category="Solar"
    }
}
,
{
    entity_name="astbox_7_a",
    type=COMPOUND,
    template_name="om15_static_large_ast02",
    lt_grp=0,
    srt_grp=0,
    usr_flg=0,
    flags=LIT_DYNAMIC,
    spatialprops={
        pos={
            -3235.00, -578.00, 1570.00
        },
        orient={ 
            { -0.0694910,0.1044861,-0.9920956 }, 
            { 0.0060797,0.9945256,0.1043162 },
            { 0.9975641,0.0012174,-0.0697458 }
         }
    },
    userprops={
        category="Solar"
    }
}
,
{
    entity_name="astbox_7_b",
    type=COMPOUND,
    template_name="om15_static_large_ast02",
    lt_grp=0,
    srt_grp=0,
    usr_flg=0,
    flags=LIT_DYNAMIC,
    spatialprops={
        pos={
            -2966.00, 576.00, 1632.00
        },
        orient={ 
            { -0.6289370,-0.7010250,-0.3361579 }, 
            { 0.7766725,-0.5859443,-0.2311905 },
            { -0.0348995,-0.4064889,0.9129890 }
         }
    },
    userprops={
        category="Solar"
    }
}
,
{
    entity_name="astbox_8_a",
    type=COMPOUND,
    template_name="om15_static_large_ast01",
    lt_grp=0,
    srt_grp=0,
    usr_flg=0,
    flags=LIT_DYNAMIC,
    spatialprops={
        pos={
            -3372.00, -503.00, 2289.00
        },
        orient={ 
            { 0.2591635,-0.9658333,-0.0005966 }, 
            { 0.7976231,0.2143756,-0.5637734 },
            { 0.5446390,0.1456336,0.8259293 }
         }
    },
    userprops={
        category="Solar"
    }
}
,
{
    entity_name="astbox_8_b",
    type=COMPOUND,
    template_name="om15_static_large_ast01",
    lt_grp=0,
    srt_grp=0,
    usr_flg=0,
    flags=LIT_DYNAMIC,
    spatialprops={
        pos={
            -3423.00, 407.00, 2551.00
        },
        orient={ 
            { 0.0828976,-0.3622943,-0.9283700 }, 
            { 0.1326640,0.9272969,-0.3500295 },
            { 0.9876883,-0.0941446,0.1249341 }
         }
    },
    userprops={
        category="Solar"
    }
}
,
{
    entity_name="astbox_9_a",
    type=COMPOUND,
    template_name="om15_static_large_ast01",
    lt_grp=0,
    srt_grp=0,
    usr_flg=0,
    flags=LIT_DYNAMIC,
    spatialprops={
        pos={
            -2912.00, -792.00, 3095.00
        },
        orient={ 
            { -0.0147492,-0.9993908,0.0316297 }, 
            { -0.4223608,0.0348995,0.9057557 },
            { -0.9063078,-0.0000000,-0.4226183 }
         }
    },
    userprops={
        category="Solar"
    }
}
,
{
    entity_name="astbox_9_b",
    type=COMPOUND,
    template_name="om15_static_large_ast01",
    lt_grp=0,
    srt_grp=0,
    usr_flg=0,
    flags=LIT_DYNAMIC,
    spatialprops={
        pos={
            -3351.00, 277.00, 3032.00
        },
        orient={ 
            { -0.4916891,-0.2359170,0.8382034 }, 
            { -0.3705143,0.9277940,0.0437895 },
            { -0.7880108,-0.2890356,-0.5435968 }
         }
    },
    userprops={
        category="Solar"
    }
}
,
{
    entity_name="astbox_10_a",
    type=COMPOUND,
    template_name="om15_static_large_ast01",
    lt_grp=0,
    srt_grp=0,
    usr_flg=0,
    flags=LIT_DYNAMIC,
    spatialprops={
        pos={
            -2632.00, -485.00, -3102.00
        },
        orient={ 
            { -0.0313675,-0.1565945,0.9871647 }, 
            { -0.0152989,0.9876103,0.1561791 },
            { -0.9993908,-0.0102036,-0.0333746 }
         }
    },
    userprops={
        category="Solar"
    }
}
,
{
    entity_name="astbox_10_b",
    type=COMPOUND,
    template_name="om15_static_large_ast01",
    lt_grp=0,
    srt_grp=0,
    usr_flg=0,
    flags=LIT_DYNAMIC,
    spatialprops={
        pos={
            -2259.00, 352.00, -3277.00
        },
        orient={ 
            { -0.2397950,-0.4267734,0.8719878 }, 
            { -0.6246872,0.7553780,0.1979138 },
            { -0.7431448,-0.4972609,-0.4477358 }
         }
    },
    userprops={
        category="Solar"
    }
}
,
{
    entity_name="astbox_11_a",
    type=COMPOUND,
    template_name="om15_static_large_ast02",
    lt_grp=0,
    srt_grp=0,
    usr_flg=0,
    flags=LIT_DYNAMIC,
    spatialprops={
        pos={
            -2580.00, -634.00, -2541.00
        },
        orient={ 
            { -0.2633902,-0.0763417,-0.9616640 }, 
            { -0.1913642,0.9811884,-0.0254789 },
            { 0.9455186,0.1773171,-0.2730444 }
         }
    },
    userprops={
        category="Solar"
    }
}
,
{
    entity_name="astbox_11_b",
    type=COMPOUND,
    template_name="om15_static_large_ast02",
    lt_grp=0,
    srt_grp=0,
    usr_flg=0,
    flags=LIT_DYNAMIC,
    spatialprops={
        pos={
            -2517.00, 840.00, -2672.00
        },
        orient={ 
            { 0.1033511,-0.9240109,0.3681337 }, 
            { 0.8417269,0.2784381,0.4625669 },
            { -0.5299193,0.2620613,0.8065417 }
         }
    },
    userprops={
        category="Solar"
    }
}
,
{
    entity_name="astbox_12_a",
    type=COMPOUND,
    template_name="om15_static_large_ast01",
    lt_grp=0,
    srt_grp=0,
    usr_flg=0,
    flags=LIT_DYNAMIC,
    spatialprops={
        pos={
            -2485.00, -317.00, -1665.00
        },
        orient={ 
            { -0.3257732,-0.8192046,0.4719911 }, 
            { -0.2933276,0.5621663,0.7732581 },
            { -0.8987940,0.1134588,-0.4234340 }
         }
    },
    userprops={
        category="Solar"
    }
}
,
{
    entity_name="astbox_12_b",
    type=COMPOUND,
    template_name="om15_static_large_ast01",
    lt_grp=0,
    srt_grp=0,
    usr_flg=0,
    flags=LIT_DYNAMIC,
    spatialprops={
        pos={
            -2439.00, 928.00, -1749.00
        },
        orient={ 
            { -0.0599551,0.3923962,-0.9178402 }, 
            { -0.0856247,-0.9181269,-0.3869256 },
            { -0.9945219,0.0553916,0.0886452 }
         }
    },
    userprops={
        category="Solar"
    }
}
,
{
    entity_name="astbox_13_a",
    type=COMPOUND,
    template_name="om15_static_large_ast02",
    lt_grp=0,
    srt_grp=0,
    usr_flg=0,
    flags=LIT_DYNAMIC,
    spatialprops={
        pos={
            -2301.00, -346.00, -938.00
        },
        orient={ 
            { 0.5565388,-0.5123175,0.6540607 }, 
            { 0.1387607,-0.7188708,-0.6811536 },
            { 0.8191520,0.4698463,-0.3289899 }
         }
    },
    userprops={
        category="Solar"
    }
}
,
{
    entity_name="astbox_13_b",
    type=COMPOUND,
    template_name="om15_static_large_ast02",
    lt_grp=0,
    srt_grp=0,
    usr_flg=0,
    flags=LIT_DYNAMIC,
    spatialprops={
        pos={
            -2631.00, 407.00, -1148.00
        },
        orient={ 
            { -0.5450074,-0.4059338,0.7336107 }, 
            { -0.6730281,0.7336107,-0.0940662 },
            { -0.5000000,-0.5450074,-0.6730281 }
         }
    },
    userprops={
        category="Solar"
    }
}
,
{
    entity_name="astbox_14_a",
    type=COMPOUND,
    template_name="om15_static_large_ast04",
    lt_grp=0,
    srt_grp=0,
    usr_flg=0,
    flags=LIT_DYNAMIC,
    spatialprops={
        pos={
            -2701.00, -906.00, -561.00
        },
        orient={ 
            { 0.8180294,0.3276462,0.4727323 }, 
            { -0.5727904,0.5388380,0.6177093 },
            { -0.0523360,-0.7760809,0.6284579 }
         }
    },
    userprops={
        category="Solar"
    }
}
,
{
    entity_name="astbox_14_b",
    type=COMPOUND,
    template_name="om15_static_large_ast04",
    lt_grp=0,
    srt_grp=0,
    usr_flg=0,
    flags=LIT_DYNAMIC,
    spatialprops={
        pos={
            -2341.00, 547.00, -508.00
        },
        orient={ 
            { 0.2876062,-0.1264510,0.9493644 }, 
            { 0.2876062,0.9568994,0.0403255 },
            { -0.9135455,0.2614453,0.3115783 }
         }
    },
    userprops={
        category="Solar"
    }
}
,
{
    entity_name="astbox_15_a",
    type=COMPOUND,
    template_name="om15_static_large_ast01",
    lt_grp=0,
    srt_grp=0,
    usr_flg=0,
    flags=LIT_DYNAMIC,
    spatialprops={
        pos={
            -2522.00, -297.00, 535.00
        },
        orient={ 
            { 0.2039522,0.6209597,-0.7568438 }, 
            { -0.7611599,-0.3856013,-0.5214855 },
            { -0.6156615,0.6824373,0.3940054 }
         }
    },
    userprops={
        category="Solar"
    }
}
,
{
    entity_name="astbox_15_b",
    type=COMPOUND,
    template_name="om15_static_large_ast01",
    lt_grp=0,
    srt_grp=0,
    usr_flg=0,
    flags=LIT_DYNAMIC,
    spatialprops={
        pos={
            -2607.00, 782.00, 138.00
        },
        orient={ 
            { -0.2285137,-0.8081417,-0.5428521 }, 
            { -0.7969221,-0.1650067,0.5811093 },
            { -0.5591929,0.5654023,-0.6063197 }
         }
    },
    userprops={
        category="Solar"
    }
}
,
{
    entity_name="astbox_16_a",
    type=COMPOUND,
    template_name="om15_static_large_ast01",
    lt_grp=0,
    srt_grp=0,
    usr_flg=0,
    flags=LIT_DYNAMIC,
    spatialprops={
        pos={
            -2627.00, -433.00, 953.00
        },
        orient={ 
            { 0.9774671,-0.0629462,-0.2014839 }, 
            { 0.1723538,0.7890680,0.5896320 },
            { 0.1218693,-0.6110724,0.7821370 }
         }
    },
    userprops={
        category="Solar"
    }
}
,
{
    entity_name="astbox_16_b",
    type=COMPOUND,
    template_name="om15_static_large_ast01",
    lt_grp=0,
    srt_grp=0,
    usr_flg=0,
    flags=LIT_DYNAMIC,
    spatialprops={
        pos={
            -2631.00, 594.00, 1002.00
        },
        orient={ 
            { -0.9154622,-0.3206712,-0.2431026 }, 
            { -0.3885907,0.5475519,0.7410697 },
            { -0.1045285,0.7728887,-0.6258729 }
         }
    },
    userprops={
        category="Solar"
    }
}
,
{
    entity_name="astbox_17_a",
    type=COMPOUND,
    template_name="om15_static_large_ast02",
    lt_grp=0,
    srt_grp=0,
    usr_flg=0,
    flags=LIT_DYNAMIC,
    spatialprops={
        pos={
            -2262.00, -516.00, 1983.00
        },
        orient={ 
            { 0.1824715,-0.7774431,0.6019023 }, 
            { -0.9387347,0.0442836,0.3417836 },
            { -0.2923717,-0.6273924,-0.7217324 }
         }
    },
    userprops={
        category="Solar"
    }
}
,
{
    entity_name="astbox_17_b",
    type=COMPOUND,
    template_name="om15_static_large_ast02",
    lt_grp=0,
    srt_grp=0,
    usr_flg=0,
    flags=LIT_DYNAMIC,
    spatialprops={
        pos={
            -2614.00, 876.00, 1865.00
        },
        orient={ 
            { 0.8612812,-0.0642323,0.5040524 }, 
            { 0.4972609,-0.0975169,-0.8621032 },
            { 0.1045285,0.9931589,-0.0520493 }
         }
    },
    userprops={
        category="Solar"
    }
}
,
{
    entity_name="astbox_18_a",
    type=COMPOUND,
    template_name="om15_static_large_ast01",
    lt_grp=0,
    srt_grp=0,
    usr_flg=0,
    flags=LIT_DYNAMIC,
    spatialprops={
        pos={
            -2342.00, -683.00, 2242.00
        },
        orient={ 
            { 0.9878558,-0.1480371,-0.0471792 }, 
            { 0.0690776,0.1464647,0.9868011 },
            { -0.1391731,-0.9780762,0.1549121 }
         }
    },
    userprops={
        category="Solar"
    }
}
,
{
    entity_name="astbox_18_b",
    type=COMPOUND,
    template_name="om15_static_large_ast01",
    lt_grp=0,
    srt_grp=0,
    usr_flg=0,
    flags=LIT_DYNAMIC,
    spatialprops={
        pos={
            -2713.00, 353.00, 2435.00
        },
        orient={ 
            { 0.8661080,-0.4934739,0.0796273 }, 
            { 0.1217235,0.0537138,-0.9911096 },
            { 0.4848096,0.8681004,0.1065893 }
         }
    },
    userprops={
        category="Solar"
    }
}
,
{
    entity_name="astbox_19_a",
    type=COMPOUND,
    template_name="om15_static_large_ast02",
    lt_grp=0,
    srt_grp=0,
    usr_flg=0,
    flags=LIT_DYNAMIC,
    spatialprops={
        pos={
            -2397.00, -713.00, 3179.00
        },
        orient={ 
            { -0.5416554,-0.3265138,-0.7745954 }, 
            { 0.0569303,0.9051137,-0.4213409 },
            { 0.8386706,-0.2723195,-0.4716712 }
         }
    },
    userprops={
        category="Solar"
    }
}
,
{
    entity_name="astbox_19_b",
    type=COMPOUND,
    template_name="om15_static_large_ast02",
    lt_grp=0,
    srt_grp=0,
    usr_flg=0,
    flags=LIT_DYNAMIC,
    spatialprops={
        pos={
            -2715.00, 448.00, 3167.00
        },
        orient={ 
            { 0.2038749,0.8170740,-0.5392821 }, 
            { -0.0950684,0.5647716,0.8197530 },
            { 0.9743701,-0.1158584,0.1928207 }
         }
    },
    userprops={
        category="Solar"
    }
}
,
{
    entity_name="astbox_20_a",
    type=COMPOUND,
    template_name="om15_static_large_ast04",
    lt_grp=0,
    srt_grp=0,
    usr_flg=0,
    flags=LIT_DYNAMIC,
    spatialprops={
        pos={
            -1794.00, -843.00, -2875.00
        },
        orient={ 
            { 0.7912401,-0.5011600,-0.3503965 }, 
            { -0.2120121,-0.7622901,0.6115266 },
            { -0.5735764,-0.4095760,-0.7094065 }
         }
    },
    userprops={
        category="Solar"
    }
}
,
{
    entity_name="astbox_20_b",
    type=COMPOUND,
    template_name="om15_static_large_ast04",
    lt_grp=0,
    srt_grp=0,
    usr_flg=0,
    flags=LIT_DYNAMIC,
    spatialprops={
        pos={
            -1722.00, 336.00, -3165.00
        },
        orient={ 
            { 0.3705143,0.0275906,-0.9284169 }, 
            { 0.4916891,0.8421931,0.2212524 },
            { 0.7880108,-0.5384697,0.2984786 }
         }
    },
    userprops={
        category="Solar"
    }
}
,
{
    entity_name="astbox_21_a",
    type=COMPOUND,
    template_name="om15_static_large_ast02",
    lt_grp=0,
    srt_grp=0,
    usr_flg=0,
    flags=LIT_DYNAMIC,
    spatialprops={
        pos={
            -1993.00, -422.00, -2203.00
        },
        orient={ 
            { -0.0232538,-0.1550131,-0.9876387 }, 
            { 0.1196303,0.9803759,-0.1566898 },
            { 0.9925462,-0.1217951,-0.0042532 }
         }
    },
    userprops={
        category="Solar"
    }
}
,
{
    entity_name="astbox_21_b",
    type=COMPOUND,
    template_name="om15_static_large_ast02",
    lt_grp=0,
    srt_grp=0,
    usr_flg=0,
    flags=LIT_DYNAMIC,
    spatialprops={
        pos={
            -1978.00, 527.00, -2676.00
        },
        orient={ 
            { 0.0827422,0.4609192,-0.8835764 }, 
            { 0.2273322,-0.8719700,-0.4335763 },
            { -0.9702957,-0.1649903,-0.1769305 }
         }
    },
    userprops={
        category="Solar"
    }
}
,
{
    entity_name="astbox_22_a",
    type=COMPOUND,
    template_name="om15_static_large_ast04",
    lt_grp=0,
    srt_grp=0,
    usr_flg=0,
    flags=LIT_DYNAMIC,
    spatialprops={
        pos={
            -1478.00, -764.00, -2015.00
        },
        orient={ 
            { -0.0878673,-0.0504663,0.9948530 }, 
            { -0.4133830,-0.9068111,-0.0825110 },
            { 0.9063078,-0.4185054,0.0588171 }
         }
    },
    userprops={
        category="Solar"
    }
}
,
{
    entity_name="astbox_22_b",
    type=COMPOUND,
    template_name="om15_static_large_ast04",
    lt_grp=0,
    srt_grp=0,
    usr_flg=0,
    flags=LIT_DYNAMIC,
    spatialprops={
        pos={
            -1846.00, 361.00, -1715.00
        },
        orient={ 
            { -0.1022406,-0.9270178,-0.3608113 }, 
            { 0.4100647,0.2911844,-0.8643255 },
            { 0.9063078,-0.2363251,0.3503664 }
         }
    },
    userprops={
        category="Solar"
    }
}
,
{
    entity_name="astbox_23_a",
    type=COMPOUND,
    template_name="om15_static_large_ast01",
    lt_grp=0,
    srt_grp=0,
    usr_flg=0,
    flags=LIT_DYNAMIC,
    spatialprops={
        pos={
            -1535.00, -764.00, -988.00
        },
        orient={ 
            { 0.3383831,0.4122527,0.8458987 }, 
            { 0.7971806,0.3520545,-0.4904699 },
            { -0.5000000,0.8403007,-0.2095105 }
         }
    },
    userprops={
        category="Solar"
    }
}
,
{
    entity_name="astbox_23_b",
    type=COMPOUND,
    template_name="om15_static_large_ast01",
    lt_grp=0,
    srt_grp=0,
    usr_flg=0,
    flags=LIT_DYNAMIC,
    spatialprops={
        pos={
            -1934.00, 857.00, -950.00
        },
        orient={ 
            { -0.3671672,-0.6625911,0.6528104 }, 
            { 0.1336379,0.6569708,0.7419773 },
            { -0.9205049,0.3596699,-0.1526708 }
         }
    },
    userprops={
        category="Solar"
    }
}
,
{
    entity_name="astbox_24_a",
    type=COMPOUND,
    template_name="om15_static_large_ast02",
    lt_grp=0,
    srt_grp=0,
    usr_flg=0,
    flags=LIT_DYNAMIC,
    spatialprops={
        pos={
            -1663.00, -500.00, -421.00
        },
        orient={ 
            { 0.6772813,0.7247172,0.1267872 }, 
            { -0.4232123,0.5247296,-0.7386136 },
            { -0.6018150,0.4465913,0.6620988 }
         }
    },
    userprops={
        category="Solar"
    }
}
,
{
    entity_name="astbox_24_b",
    type=COMPOUND,
    template_name="om15_static_large_ast02",
    lt_grp=0,
    srt_grp=0,
    usr_flg=0,
    flags=LIT_DYNAMIC,
    spatialprops={
        pos={
            -1494.00, 513.00, -70.00
        },
        orient={ 
            { -0.4194872,0.5037040,0.7551906 }, 
            { 0.3911782,0.8510254,-0.3503362 },
            { -0.8191520,0.1484525,-0.5540323 }
         }
    },
    userprops={
        category="Solar"
    }
}
,
{
    entity_name="astbox_25_a",
    type=COMPOUND,
    template_name="om15_static_large_ast01",
    lt_grp=0,
    srt_grp=0,
    usr_flg=0,
    flags=LIT_DYNAMIC,
    spatialprops={
        pos={
            -1748.00, -690.00, 379.00
        },
        orient={ 
            { 0.1218508,0.5835106,0.8029121 }, 
            { 0.0021269,-0.8090916,0.5876787 },
            { 0.9925462,-0.0699014,-0.0998295 }
         }
    },
    userprops={
        category="Solar"
    }
}
,
{
    entity_name="astbox_25_b",
    type=COMPOUND,
    template_name="om15_static_large_ast01",
    lt_grp=0,
    srt_grp=0,
    usr_flg=0,
    flags=LIT_DYNAMIC,
    spatialprops={
        pos={
            -1870.00, 891.00, 514.00
        },
        orient={ 
            { -0.3878187,-0.2786704,0.8786009 }, 
            { 0.0476181,-0.9579871,-0.2828309 },
            { 0.9205049,-0.0678497,0.3847950 }
         }
    },
    userprops={
        category="Solar"
    }
}
,
{
    entity_name="astbox_26_a",
    type=COMPOUND,
    template_name="om15_static_large_ast02",
    lt_grp=0,
    srt_grp=0,
    usr_flg=0,
    flags=LIT_DYNAMIC,
    spatialprops={
        pos={
            -1661.00, -428.00, 1184.00
        },
        orient={ 
            { -0.0108813,-0.1394409,-0.9901706 }, 
            { -0.0511923,0.9890084,-0.1387146 },
            { 0.9986295,0.0491797,-0.0179000 }
         }
    },
    userprops={
        category="Solar"
    }
}
,
{
    entity_name="astbox_26_b",
    type=COMPOUND,
    template_name="om15_static_large_ast02",
    lt_grp=0,
    srt_grp=0,
    usr_flg=0,
    flags=LIT_DYNAMIC,
    spatialprops={
        pos={
            -1759.00, 876.00, 976.00
        },
        orient={ 
            { 0.1682436,0.0468329,0.9846323 }, 
            { 0.4382895,0.8911501,-0.1172768 },
            { -0.8829476,0.4512850,0.1294039 }
         }
    },
    userprops={
        category="Solar"
    }
}
,
{
    entity_name="astbox_27_a",
    type=COMPOUND,
    template_name="om15_static_large_ast02",
    lt_grp=0,
    srt_grp=0,
    usr_flg=0,
    flags=LIT_DYNAMIC,
    spatialprops={
        pos={
            -2007.00, -294.00, 1947.00
        },
        orient={ 
            { -0.4341049,0.8471598,-0.3063873 }, 
            { -0.8900470,-0.4558683,0.0005892 },
            { -0.1391731,0.2729549,0.9519068 }
         }
    },
    userprops={
        category="Solar"
    }
}
,
{
    entity_name="astbox_27_b",
    type=COMPOUND,
    template_name="om15_static_large_ast02",
    lt_grp=0,
    srt_grp=0,
    usr_flg=0,
    flags=LIT_DYNAMIC,
    spatialprops={
        pos={
            -1758.00, 882.00, 1566.00
        },
        orient={ 
            { -0.0621535,-0.4522346,-0.8897308 }, 
            { -0.0316688,-0.8901118,0.4546405 },
            { -0.9975641,0.0564342,0.0410018 }
         }
    },
    userprops={
        category="Solar"
    }
}
,
{
    entity_name="astbox_28_a",
    type=COMPOUND,
    template_name="om15_static_large_ast04",
    lt_grp=0,
    srt_grp=0,
    usr_flg=0,
    flags=LIT_DYNAMIC,
    spatialprops={
        pos={
            -1564.00, -601.00, 2641.00
        },
        orient={ 
            { 0.3594423,-0.5703277,0.7385984 }, 
            { -0.5328951,-0.7751971,-0.3392525 },
            { 0.7660444,-0.2716538,-0.5825634 }
