[TexturePanels]
file = solar\asteroids\ice_shapes.ini
file = solar\asteroids_mod\tau29\shapes.ini

[Field]

[properties]

[Exclusion Zones]
exclusion = Zone_DYSON_RING_inner_INSIDE
exclude_billboards = 1
exclude_dynamic_asteroids = 1

[Cube]

[DynamicAsteroids]
asteroid = ast_dyson01
count = 25
placement_radius = 5000.000000
placement_offset = 2500.000000
max_velocity = 0.0300000
max_angular_velocity = 0.0500000
color_shift = 1.000000, 1.000000, 1.000000

[DynamicAsteroids]
asteroid = ast_dyson02
count = 25
placement_radius = 4000.000000
placement_offset = 1500.000000
max_velocity = 0.0300000
max_angular_velocity = 0.0500000
color_shift = 1.000000, 1.000000, 1.000000

[DynamicAsteroids]
asteroid = ast_dyson03
count = 25
placement_radius = 3000.000000
placement_offset = 1000.000000
max_velocity = 0.03000000
max_angular_velocity = 0.0500000
color_shift = 1.000000, 1.000000, 1.000000

[DynamicAsteroids]
asteroid = ast_dyson04
count = 25
placement_radius = 5000.000000
placement_offset = 2500.000000
max_velocity = 0.0300000
max_angular_velocity = 0.0500000
color_shift = 1.000000, 1.000000, 1.000000

[DynamicAsteroids]
asteroid = ast_dyson05
count = 25
placement_radius = 4000.000000
placement_offset = 1500.000000
max_velocity = 0.0300000
max_angular_velocity = 0.0500000
color_shift = 1.000000, 1.000000, 1.000000

[DynamicAsteroids]
asteroid = ast_dyson06
count = 25
placement_radius = 3000.000000
placement_offset = 1000.000000
max_velocity = 0.0300000
max_angular_velocity = 0.0500000
color_shift = 1.000000, 1.000000, 1.000000

[;AsteroidBillboards]
count = 1000
start_dist = 300
fade_dist_percent = 0.000000
shape = tau29_billboards
color_shift = 0.500000, 0.500000, 0.500000
ambient_intensity = 1.500000
size = 20, 30