duration=8.125

entities={
	{
		spatialprops={
			pos={
				0,
				0,
				0
			},
			orient={
				{
					1,
					0,
					0
				},
				{
					0,
					1,
					0
				},
				{
					0,
					0,
					1
				}
			}
		},
		up=1,
		template_id=0,
		ambient={
			0,
			0,
			0
		},
		entity_name="Layer_Pl_04_Bar_enter",
		template_name="",
		type=9,
		front=2
	},
	{
		template_id=0,
		entity_name="Monitor_Br_08_Bar_enter",
		template_name="",
		type=4
	},
	{
		template_id=0,
		entity_name="Camera_Mk_GoTo",
		template_name="",
		spatialprops={
			pos={
				-5.438019,
				2.018639,
				-8.255478
			},
			orient={
				{
					-0.999966,
					0,
					0.008227
				},
				{
					-0.000142,
					0.999852,
					-0.017202
				},
				{
					-0.008225,
					-0.017203,
					-0.999818
				}
			}
		},
		type=7
	},
	{
		template_id=0,
		entity_name="Camera_Enter",
		cameraprops={
			farplane=4000,
			nearplane=1,
			hvaspect=1.85,
			fovh=30
		},
		template_name="",
		spatialprops={
			pos={
				-0.387234,
				3.146799,
				-0.172769
			},
			orient={
				{
					0.073501,
					0,
					0.997295
				},
				{
					-0.145809,
					0.989254,
					0.010746
				},
				{
					-0.986579,
					-0.146205,
					0.072712
				}
			}
		},
		type=3
	},
	{
		type=3,
		template_id=0,
		entity_name="Camera_0",
		cameraprops={
			farplane=4000,
			nearplane=0.3,
			hvaspect=1.333333,
			fovh=60
		},
		template_name="",
		spatialprops={
			pos={
				-9.7723,
				2.688908,
				6.296179
			},
			orient={
				{
					0.724699,
					0,
					0.689066
				},
				{
					0.043398,
					0.998015,
					-0.045642
				},
				{
					-0.687698,
					0.06297999999999999,
					0.72326
				}
			}
		},
		flags=1
	},
	{
		type=2,
		template_id=0,
		spatialprops={
			pos={
				-5.500288,
				0,
				-9.116224000000001
			},
			orient={
				{
					-0.9995270000000001,
					0,
					0.030757
				},
				{
					0,
					1,
					0
				},
				{
					-0.030757,
					0,
					-0.9995270000000001
				}
			}
		},
		flags=4,
		entity_name="character_trent",
		template_name="trent",
		compoundprops={
			floor_height=0
		},
		userprops={
			category="Character",
			Actor="Player"
		}
	}
}

events={
	{
		0,
		2,
		{
			"Monitor_Br_08_Bar_enter",
			"Camera_Enter"
		}
	},
	{
		0,
		7,
		{
			"Camera_Enter",
			"Camera_0"
		},
		{
			duration=6.031,
			target_type=0,
			pcurve_period=-1,
			spatialprops={
				q_orient={
					0.724699,
					0,
					0.689066,
					0.043398
				},
				pos={
					-9.7723,
					2.688908,
					6.296179
				}
			},
			param_curve={
				CLSID="FreeFormPCurve",
				points={
					{
						0,
						0,
						0,
						0
					},
					{
						1,
						1,
						0,
						0
					}
				}
			},
			target_part=""
		}
	},
	{
		5.187,
		10,
		{
			"character_trent"
		},
		{
			time_scale=1,
			duration=2.4,
			heading=-1,
			weight=1,
			animation="Sc_MLBODY_WALK_STND_TRNS_000LV_XA_02"
		}
	},
	{
		7.562,
		10,
		{
			"character_trent"
		},
		{
			time_scale=1,
			duration=7.466,
			heading=-1,
			weight=1,
			animation="Sc_MLBODY_STND_IDLE_000LV_xa_04"
		}
	}
}


