duration=160

entities={
	{
		lt_grp=0,
		up=1,
		usr_flg=0,
		ambient={
			128,
			128,
			128
		},
		template_name="",
		spatialprops={
			orient={
				{
					1,
					0,
					0
				},
				{
					0,
					1,
					0
				},
				{
					0,
					0,
					1
				}
			},
			pos={
				0,
				0,
				0
			}
		},
		front=2,
		type=9,
		srt_grp=0,
		entity_name="Layer_Pl_04_dig_hardpoint"
	},
	{
		lt_grp=0,
		template_name="",
		spatialprops={
			orient={
				{
					0.435414,
					0,
					0.90023
				},
				{
					0.445134,
					0.869196,
					-0.215298
				},
				{
					-0.782477,
					0.494467,
					0.37846
				}
			},
			pos={
				-18.888498,
				7.899144,
				4.594662
			}
		},
		usr_flg=0,
		type=3,
		srt_grp=0,
		entity_name="Camera_0",
		cameraprops={
			farplane=200,
			hvaspect=1.333333,
			fovh=29.999998,
			nearplane=1
		}
	},
	{
		template_name="",
		usr_flg=0,
		srt_grp=0,
		entity_name="Zg/PC/Player/01/A/Stand",
		spatialprops={
			orient={
				{
					-0.999999,
					0,
					-0.001074
				},
				{
					0,
					1,
					0
				},
				{
					0.001074,
					0,
					-0.999999
				}
			},
			pos={
				-0.173254,
				0,
				-16.461979
			}
		},
		lt_grp=0,
		type=7
	},
	{
		lt_grp=0,
		template_name="",
		spatialprops={
			orient={
				{
					0.435414,
					0,
					0.90023
				},
				{
					0.445134,
					0.869196,
					-0.215298
				},
				{
					-0.782477,
					0.494467,
					0.37846
				}
			},
			pos={
				-18.888498,
				17.899143,
				4.594662
			}
		},
		usr_flg=0,
		type=5,
		srt_grp=0,
		lightprops={
			atten={
				1,
				0,
				4e-006
			},
			diffuse={
				0,
				0,
				0
			},
			ambient={
				0,
				0,
				0
			},
			theta=90,
			color={
				255,
				255,
				255
			},
			type=1,
			cutoff=98.999977,
			direction={
				0,
				0,
				1
			},
			on=0,
			range=2000,
			specular={
				0,
				0,
				0
			}
		},
		entity_name="LtGlareSource"
	},
	{
		lt_grp=0,
		template_name="",
		spatialprops={
			orient={
				{
					1,
					0,
					0
				},
				{
					0,
					-0.002014,
					0.9999980000000001
				},
				{
					0,
					-0.9999980000000001,
					-0.002014
				}
			},
			pos={
				0,
				0,
				0
			}
		},
		usr_flg=0,
		type=5,
		srt_grp=0,
		lightprops={
			atten={
				1,
				0,
				4e-006
			},
			diffuse={
				0,
				0,
				0
			},
			ambient={
				0,
				0,
				0
			},
			theta=90,
			color={
				255,
				255,
				255
			},
			type=3,
			cutoff=98.999977,
			direction={
				0,
				0,
				1
			},
			on=0,
			range=2000,
			specular={
				0,
				0,
				0
			}
		},
		entity_name="LtShadowSource"
	},
	{
		lt_grp=3,
		template_name="",
		spatialprops={
			orient={
				{
					1,
					0,
					0
				},
				{
					0,
					-0.002014,
					0.9999980000000001
				},
				{
					0,
					-0.9999980000000001,
					-0.002014
				}
			},
			pos={
				0,
				0,
				0
			}
		},
		usr_flg=0,
		type=5,
		srt_grp=0,
		lightprops={
			atten={
				1,
				0,
				4e-006
			},
			diffuse={
				0,
				0,
				0
			},
			ambient={
				0,
				0,
				0
			},
			theta=90,
			color={
				255,
				255,
				255
			},
			type=3,
			cutoff=98.999977,
			direction={
				0,
				0,
				1
			},
			on=0,
			range=2000,
			specular={
				0,
				0,
				0
			}
		},
		entity_name="LtShadowSource_g3"
	},
	{
		lt_grp=3,
		template_name="",
		spatialprops={
			orient={
				{
					0.435414,
					0,
					0.90023
				},
				{
					0.445134,
					0.869196,
					-0.215298
				},
				{
					-0.782477,
					0.494467,
					0.37846
				}
			},
			pos={
				-18.888498,
				17.899143,
				4.594662
			}
		},
		usr_flg=0,
		type=5,
		srt_grp=0,
		lightprops={
			atten={
				1,
				0,
				4e-006
			},
			diffuse={
				0,
				0,
				0
			},
			ambient={
				0,
				0,
				0
			},
			theta=90,
			color={
				255,
				255,
				255
			},
			type=1,
			cutoff=98.999977,
			direction={
				0,
				0,
				1
			},
			on=0,
			range=2000,
			specular={
				0,
				0,
				0
			}
		},
		entity_name="LtGlareSource_g3"
	}
}

events={}


