duration=46.027

entities={
	
	
	
	{
		entity_name="Layer_Scene_s027xc_pl_04_bar",
		type=SCENE,
		template_name="",
		lt_grp=0,
		srt_grp=0,
		usr_flg=0,
		spatialprops={
			pos={
				0,
				0,
				0
			},
			orient={
				{
					1,
					0,
					0
				},
				{
					0,
					1,
					0
				},
				{
					0,
					0,
					1
				}
			}
		},
		up=Y_AXIS,
		front=Z_AXIS,
		ambient={
			0,
			0,
			0
		}
	},
	{
		entity_name="Char_Trent",
		type=DEFORMABLE,
		template_name="trent",
		lt_grp=0,
		srt_grp=0,
		usr_flg=0,
		flags=LIT_DYNAMIC,
		spatialprops={
			pos={
				-133.498428,
				0,
				-52.740063
			},
			orient={
				{
					0.312222,
					0,
					0.950009
				},
				{
					0,
					1,
					0
				},
				{
					-0.950009,
					0,
					0.312222
				}
			}
		},
		compoundprops={
			floor_height=0
		},
		userprops={
			actor="player",
			category="Character"
		}
	},
	{
		entity_name="Char_Juni",
		type=DEFORMABLE,
		template_name="juni",
		lt_grp=0,
		srt_grp=0,
		usr_flg=0,
		flags=LIT_DYNAMIC,
		spatialprops={
			pos={
				5.674031,
				0,
				-4.330723
			},
			orient={
				{
					-0.994922,
					0,
					0.10065
				},
				{
					0,
					1,
					0
				},
				{
					-0.10065,
					0,
					-0.994922
				}
			}
		},
		compoundprops={
			floor_height=0
		},
		userprops={
			actor="juni",
			category="Character"
		}
	},
	{
		entity_name="Char_Sinclair",
		type=DEFORMABLE,
		template_name="sinclair",
		lt_grp=0,
		srt_grp=0,
		usr_flg=0,
		flags=LIT_DYNAMIC,
		spatialprops={
			pos={
				1.128102,
				0,
				-3.522353
			},
			orient={
				{
					-0.56308,
					0,
					0.826402
				},
				{
					0,
					1,
					0
				},
				{
					-0.826402,
					0,
					-0.56308
				}
			}
		},
		compoundprops={
			floor_height=0
		},
		userprops={
			actor="sinclair",
			category="Character"
		}
	},
	{
		entity_name="Char_Assistant_Male_02",
		type=DEFORMABLE,
		template_name="assistant_male_1",
		lt_grp=0,
		srt_grp=0,
		usr_flg=0,
		flags=LIT_DYNAMIC,
		spatialprops={
			pos={
				-134.354736,
				0,
				-73.68959
			},
			orient={
				{
					0.200409,
					0,
					0.979712
				},
				{
					0,
					1,
					0
				},
				{
					-0.979712,
					0,
					0.200409
				}
			}
		},
		compoundprops={
			floor_height=0
		},
		userprops={
			actor="assist_02",
			category="Character"
		}
	},
	{
		entity_name="cam_Monitor_1",
		type=MONITOR,
		template_name="",
		lt_grp=0,
		srt_grp=0,
		usr_flg=0,
		userprops={
			Priority="Monitor_Moving_1"
		}
	},
	{
		entity_name="Ship_r_elite",
		type=COMPOUND,
		template_name="rtcprop_r_elite",
		lt_grp=3,
		srt_grp=0,
		usr_flg=0,
		flags=LIT_DYNAMIC,
		spatialprops={
			pos={
				948.424805,
				116.448639,
				261.862701
			},
			orient={
				{
					0.223656,
					-0.03604,
					-0.974002
				},
				{
					0.141783,
					0.989889,
					-0.004071
				},
				{
					0.964301,
					-0.137187,
					0.226504
				}
			}
		},
		userprops={
			category="Spaceship",
			loadout="MSN05_Interceptor",
			running_lights="True"
		}
	},
	{
		entity_name="Ship_r_fighter",
		type=COMPOUND,
		template_name="rtcprop_r_elite",
		lt_grp=3,
		srt_grp=0,
		usr_flg=0,
		flags=LIT_DYNAMIC,
		spatialprops={
			pos={
				994.391663,
				112.804878,
				206.70488
			},
			orient={
				{
					0.223656,
					-0.03604,
					-0.974002
				},
				{
					0.141783,
					0.989889,
					-0.004071
				},
				{
					0.964301,
					-0.137187,
					0.226504
				}
			}
		},
		userprops={
			category="Spaceship",
			loadout="MSN05_Interceptor",
			running_lights="True"
		}
	},
	{
		entity_name="vfx_rtc_rhspragueguns_elite_lf",
		type=PSYS,
		template_name="rtc_rhspragueguns",
		lt_grp=0,
		srt_grp=0,
		usr_flg=0,
		flags=LIT_DYNAMIC + LIT_AMBIENT,
		spatialprops={
			pos={
				0,
				0,
				0
			},
			orient={
				{
					1,
					0,
					0
				},
				{
					0,
					1,
					0
				},
				{
					0,
					0,
					1
				}
			}
		},
		psysprops={
			sparam=0
		}
	},
	{
		entity_name="vfx_rtc_rhspragueguns_elite_rt",
		type=PSYS,
		template_name="rtc_rhspragueguns",
		lt_grp=0,
		srt_grp=0,
		usr_flg=0,
		flags=LIT_DYNAMIC + LIT_AMBIENT,
		spatialprops={
			pos={
				0,
				0,
				0
			},
			orient={
				{
					1,
					0,
					0
				},
				{
					0,
					1,
					0
				},
				{
					0,
					0,
					1
				}
			}
		},
		psysprops={
			sparam=0
		}
	},
	{
		entity_name="vfx_rtc_rhspragueguns_fighter_lf",
		type=PSYS,
		template_name="rtc_rhspragueguns",
		lt_grp=0,
		srt_grp=0,
		usr_flg=0,
		flags=LIT_DYNAMIC + LIT_AMBIENT,
		spatialprops={
			pos={
				0,
				0,
				0
			},
			orient={
				{
					1,
					0,
					0
				},
				{
					0,
					1,
					0
				},
				{
					0,
					0,
					1
				}
			}
		},
		psysprops={
			sparam=0
		}
	},
	{
		entity_name="vfx_rtc_rhspragueguns_fighter_rt",
		type=PSYS,
		template_name="rtc_rhspragueguns",
		lt_grp=0,
		srt_grp=0,
		usr_flg=0,
		flags=LIT_DYNAMIC + LIT_AMBIENT,
		spatialprops={
			pos={
				0,
				0,
				0
			},
			orient={
				{
					1,
					0,
					0
				},
				{
					0,
					1,
					0
				},
				{
					0,
					0,
					1
				}
			}
		},
		psysprops={
			sparam=0
		}
	},
	{
		entity_name="vfx_gf_rh_smallengine03_hp01",
		type=PSYS,
		template_name="gf_rh_smallengine03",
		lt_grp=0,
		srt_grp=0,
		usr_flg=0,
		flags=LIT_DYNAMIC + LIT_AMBIENT,
		spatialprops={
			pos={
				0,
				0,
				0
			},
			orient={
				{
					1,
					0,
					0
				},
				{
					0,
					1,
					0
				},
				{
					0,
					0,
					1
				}
			}
		},
		psysprops={
			sparam=0
		}
	},
	{
		entity_name="vfx_gf_rh_smallengine02",
		type=PSYS,
		template_name="gf_rh_smallengine02",
		lt_grp=0,
		srt_grp=0,
		usr_flg=0,
		flags=LIT_DYNAMIC + LIT_AMBIENT,
		spatialprops={
			pos={
				0,
				0,
				0
			},
			orient={
				{
					1,
					0,
					0
				},
				{
					0,
					1,
					0
				},
				{
					0,
					0,
					1
				}
			}
		},
		psysprops={
			sparam=0
		}
	},
	{
		entity_name="vfx_gf_rh_smallengine03_hp02",
		type=PSYS,
		template_name="gf_rh_smallengine03",
		lt_grp=0,
		srt_grp=0,
		usr_flg=0,
		flags=LIT_DYNAMIC + LIT_AMBIENT,
		spatialprops={
			pos={
				0,
				0,
				0
			},
			orient={
				{
					1,
					0,
					0
				},
				{
					0,
					1,
					0
				},
				{
					0,
					0,
					1
				}
			}
		},
		psysprops={
			sparam=0
		}
	},
	{
		entity_name="Mrk_BegSinclairRunStart",
		type=MARKER,
		template_name="",
		lt_grp=0,
		srt_grp=0,
		usr_flg=0,
		spatialprops={
			pos={
				1.115862,
				0.908896,
				-3.344898
			},
			orient={
				{
					-0.56308,
					0,
					0.826402
				},
				{
					0,
					1,
					0
				},
				{
					-0.826402,
					0,
					-0.56308
				}
			}
		}
	},
	{
		entity_name="Mrk_EliteFlyTo",
		type=MARKER,
		template_name="",
		lt_grp=0,
		srt_grp=0,
		usr_flg=0,
		spatialprops={
			pos={
				704.815979,
				89.147964,
				753.8167110000001
			},
			orient={
				{
					-0.712907,
					-0.138322,
					0.687481
				},
				{
					0.274486,
					0.847092,
					0.455074
				},
				{
					-0.645307,
					0.51313,
					-0.56593
				}
			}
		}
	},
	{
		entity_name="Mrk_FighterFlyTo",
		type=MARKER,
		template_name="",
		lt_grp=0,
		srt_grp=0,
		usr_flg=0,
		spatialprops={
			pos={
				664.828003,
				49.3106,
				647.338135
			},
			orient={
				{
					-0.658215,
					0.156699,
					0.736341
				},
				{
					0.348947,
					0.930186,
					0.113972
				},
				{
					-0.667075,
					0.331962,
					-0.666943
				}
			}
		}
	},
	{
		entity_name="Mrk_RunStartTrent",
		type=MARKER,
		template_name="",
		lt_grp=0,
		srt_grp=0,
		usr_flg=0,
		spatialprops={
			pos={
				-142.690964,
				-86.249443,
				-23.799788
			},
			orient={
				{
					0.98961,
					0,
					0.143777
				},
				{
					0,
					1,
					0
				},
				{
					-0.143777,
					0,
					0.98961
				}
			}
		}
	},
	{
		entity_name="Mrk_RunStartJuni",
		type=MARKER,
		template_name="",
		lt_grp=0,
		srt_grp=0,
		usr_flg=0,
		spatialprops={
			pos={
				-142.978821,
				-86.249443,
				-23.874128
			},
			orient={
				{
					0.973124,
					0,
					0.23028
				},
				{
					0,
					1,
					0
				},
				{
					-0.23028,
					0,
					0.973124
				}
			}
		}
	},
	{
		entity_name="Mrk_RunStartSinclair",
		type=MARKER,
		template_name="",
		lt_grp=0,
		srt_grp=0,
		usr_flg=0,
		spatialprops={
			pos={
				-140.412933,
				-86.249443,
				-24.822445
			},
			orient={
				{
					0.951089,
					0,
					0.308918
				},
				{
					0,
					1,
					0
				},
				{
					-0.308918,
					0,
					0.951089
				}
			}
		}
	},
	{
		entity_name="Mrk_AssistAlign_10sec",
		type=MARKER,
		template_name="",
		lt_grp=0,
		srt_grp=0,
		usr_flg=0,
		spatialprops={
			pos={
				-132.08812,
				-86.249443,
				-55.590767
			},
			orient={
				{
					0.08815099999999999,
					0,
					0.996107
				},
				{
					0,
					1,
					0
				},
				{
					-0.996107,
					0,
					0.08815099999999999
				}
			}
		}
	},
	{
		entity_name="Cam_03_HallRun_01",
		type=CAMERA,
		template_name="",
		lt_grp=0,
		srt_grp=0,
		usr_flg=0,
		spatialprops={
			pos={
				-134.165054,
				-86.084473,
				-29.238138
			},
			orient={
				{
					0.254959,
					0,
					-0.966952
				},
				{
					0.031405,
					0.999472,
					0.008281
				},
				{
					0.966442,
					-0.032478,
					0.254824
				}
			}
		},
		cameraprops={
			fovh=15,
			hvaspect=1.85,
			nearplane=2,
			farplane=4000
		}
	},
	{
		entity_name="Cam_04_JuniGetsInCockpit_01",
		type=CAMERA,
		template_name="",
		lt_grp=0,
		srt_grp=0,
		usr_flg=0,
		spatialprops={
			pos={
				-137.748001,
				-83.37367999999999,
				-66.95642100000001
			},
			orient={
				{
					-0.781643,
					0,
					0.623726
				},
				{
					-0.04072,
					0.997867,
					-0.05103
				},
				{
					-0.622396,
					-0.065285,
					-0.779975
				}
			}
		},
		cameraprops={
			fovh=20,
			hvaspect=1.85,
			nearplane=1,
			farplane=4000
		}
	},
	{
		entity_name="Ship_PlayerShip_Trent",
		type=COMPOUND,
		template_name="PlayerShip",
		lt_grp=4,
		srt_grp=0,
		usr_flg=0,
		flags=LIT_DYNAMIC,
		spatialprops={
			pos={
				-117.681534,
				-84.77739699999999,
				-82.110176
			},
			orient={
				{
					-0.625775,
					0,
					-0.780003
				},
				{
					0,
					1,
					0
				},
				{
					0.780003,
					0,
					-0.625775
				}
			}
		},
		userprops={
			category="Spaceship",
			running_lights="True"
		}
	},
	{
		entity_name="Ship_rtcprop_juni_elite_Juni",
		type=COMPOUND,
		template_name="rtcprop_juni_elite",
		lt_grp=4,
		srt_grp=0,
		usr_flg=0,
		flags=LIT_DYNAMIC,
		spatialprops={
			pos={
				-139.787003,
				-83.17588000000001,
				-63.100346
			},
			orient={
				{
					0.252743,
					0,
					0.967533
				},
				{
					0,
					1,
					0
				},
				{
					-0.967533,
					0,
					0.252743
				}
			}
		},
		userprops={
			category="Spaceship",
			loadout="MSN05_Juni",
			running_lights="True"
		}
	},
	{
		entity_name="Mrk_JuniGetsInCockpit",
		type=MARKER,
		template_name="",
		lt_grp=0,
		srt_grp=0,
		usr_flg=0,
		spatialprops={
			pos={
				-135.867325,
				-83.529602,
				-64.347725
			},
			orient={
				{
					0.137161,
					0,
					0.990549
				},
				{
					0,
					1,
					0
				},
				{
					-0.990549,
					0,
					0.137161
				}
			}
		}
	},
	{
		entity_name="vfx_rtc_ceilingdust",
		type=PSYS,
		template_name="rtc_ceilingdust",
		lt_grp=0,
		srt_grp=0,
		usr_flg=0,
		flags=LIT_DYNAMIC + LIT_AMBIENT,
		spatialprops={
			pos={
				-134.517731,
				-88.987122,
				-28.546091
			},
			orient={
				{
					1,
					0,
					0
				},
				{
					0,
					1,
					0
				},
				{
					0,
					0,
					1
				}
			}
		},
		psysprops={
			sparam=0
		},
		userprops={
			Priority="Story_FX_1"
		}
	},
	{
		entity_name="Mrk_CockpitRtHand",
		type=MARKER,
		template_name="",
		lt_grp=0,
		srt_grp=0,
		usr_flg=0,
		spatialprops={
			pos={
				-124.507172,
				-83.39707900000001,
				-69.108879
			},
			orient={
				{
					0.831802,
					0,
					-0.555073
				},
				{
					0,
					1,
					0
				},
				{
					0.555073,
					0,
					0.831802
				}
			}
		}
	},
	{
		entity_name="Mrk_CockpitLfHand",
		type=MARKER,
		template_name="",
		lt_grp=0,
		srt_grp=0,
		usr_flg=0,
		spatialprops={
			pos={
				-125.189903,
				-83.39707900000001,
				-69.04137400000001
			},
			orient={
				{
					0.813214,
					0.210223,
					-0.542669
				},
				{
					-0.174864,
					0.977654,
					0.116689
				},
				{
					0.555073,
					0,
					0.831802
				}
			}
		}
	},
	{
		entity_name="Cam_07_FinalApproach_01",
		type=CAMERA,
		template_name="",
		lt_grp=0,
		srt_grp=0,
		usr_flg=0,
		spatialprops={
			pos={
				-82.01261100000001,
				107.771774,
				84.336304
			},
			orient={
				{
					-0.7980080000000001,
					0.349869,
					0.490688
				},
				{
					0.339887,
					0.933658,
					-0.112955
				},
				{
					-0.497654,
					0.07664,
					-0.863983
				}
			}
		},
		cameraprops={
			fovh=30,
			hvaspect=1.85,
			nearplane=2,
			farplane=4000
		}
	},
	{
		entity_name="zcut_Cam_06_EngineFiringUp",
		type=CAMERA,
		template_name="",
		lt_grp=0,
		srt_grp=0,
		usr_flg=0,
		spatialprops={
			pos={
				-159.844742,
				-84.715271,
				-63.02924
			},
			orient={
				{
					0.089555,
					0,
					0.995982
				},
				{
					-0.08708100000000001,
					0.99617,
					0.00783
				},
				{
					-0.9921680000000001,
					-0.087433,
					0.089212
				}
			}
		},
		cameraprops={
			fovh=20,
			hvaspect=1.85,
			nearplane=0.4,
			farplane=1000
		}
	},
	{
		entity_name="Prop_a_sprauge_bomb",
		type=COMPOUND,
		template_name="sprauge_bomb",
		lt_grp=5,
		srt_grp=0,
		usr_flg=0,
		flags=LIT_DYNAMIC,
		spatialprops={
			pos={
				0,
				0,
				0
			},
			orient={
				{
					1,
					0,
					0
				},
				{
					0,
					1,
					0
				},
				{
					0,
					0,
					1
				}
			}
		},
		userprops={
			category="Prop"
		}
	},
	{
		entity_name="vfx_gf_li_smallengine02_hp01",
		type=PSYS,
		template_name="gf_li_smallengine02",
		lt_grp=0,
		srt_grp=0,
		usr_flg=0,
		flags=LIT_DYNAMIC + LIT_AMBIENT,
		spatialprops={
			pos={
				0,
				0,
				0
			},
			orient={
				{
					1,
					0,
					0
				},
				{
					0,
					1,
					0
				},
				{
					0,
					0,
					1
				}
			}
		},
		psysprops={
			sparam=0
		}
	},
	{
		entity_name="vfx_gf_li_smallengine02_hp02",
		type=PSYS,
		template_name="gf_li_smallengine02",
		lt_grp=0,
		srt_grp=0,
		usr_flg=0,
		flags=LIT_DYNAMIC + LIT_AMBIENT,
		spatialprops={
			pos={
				0,
				0,
				0
			},
			orient={
				{
					1,
					0,
					0
				},
				{
					0,
					1,
					0
				},
				{
					0,
					0,
					1
				}
			}
		},
		psysprops={
			sparam=0
		}
	},
	{
		entity_name="Cam_07_FinalApproach_02",
		type=CAMERA,
		template_name="",
		lt_grp=0,
		srt_grp=0,
		usr_flg=0,
		spatialprops={
			pos={
				-134.87085,
				104.18232,
				-81.34567300000001
			},
			orient={
				{
					-0.996396,
					0.035995,
					0.076804
				},
				{
					0.019511,
					0.978473,
					-0.205448
				},
				{
					-0.08254599999999999,
					-0.203209,
					-0.97565
				}
			}
		},
		cameraprops={
			fovh=30,
			hvaspect=1.85,
			nearplane=0.4,
			farplane=4000
		}
	},
	{
		entity_name="Cam_09_FinalDrop_01",
		type=CAMERA,
		template_name="",
		lt_grp=0,
		srt_grp=0,
		usr_flg=0,
		spatialprops={
			pos={
				-134.87085,
				104.18232,
				-81.34567300000001
			},
			orient={
				{
					-0.996396,
					0.035995,
					0.076804
				},
				{
					0.019511,
					0.978473,
					-0.205448
				},
				{
					-0.08254599999999999,
					-0.203209,
					-0.97565
				}
			}
		},
		cameraprops={
			fovh=30,
			hvaspect=1.85,
			nearplane=1,
			farplane=4000
		}
	},
	{
		entity_name="Cam_09_FinalDrop_02",
		type=CAMERA,
		template_name="",
		lt_grp=0,
		srt_grp=0,
		usr_flg=0,
		spatialprops={
			pos={
				-128.500839,
				82.389168,
				-95.72023
			},
			orient={
				{
					-1,
					0,
					-0.000702
				},
				{
					0.000318,
					0.89118,
					-0.45365
				},
				{
					0.000626,
					-0.45365,
					-0.89118
				}
			}
		},
		cameraprops={
			fovh=30,
			hvaspect=1.85,
			nearplane=1,
			farplane=4000
		}
	},
	{
		entity_name="Mrk_BombFall",
		type=MARKER,
		template_name="",
		lt_grp=0,
		srt_grp=0,
		usr_flg=0,
		spatialprops={
			pos={
				-122.41127,
				-86.723778,
				-95.377403
			},
			orient={
				{
					0.697623,
					-0.091822,
					0.710557
				},
				{
					-0.711814,
					-0.201654,
					0.672798
				},
				{
					0.081509,
					-0.975143,
					-0.206039
				}
			}
		}
	},
	{
		entity_name="Cam_10_BombFollow_01",
		type=CAMERA,
		template_name="",
		lt_grp=0,
		srt_grp=0,
		usr_flg=0,
		spatialprops={
			pos={
				-130.261719,
				27.737,
				-82.60646800000001
			},
			orient={
				{
					-0.88323,
					0,
					-0.46894
				},
				{
					0.45803,
					0.214455,
					-0.862681
				},
				{
					0.100566,
					-0.976734,
					-0.189413
				}
			}
		},
		cameraprops={
			fovh=20,
			hvaspect=1.85,
			nearplane=0.5,
			farplane=4000
		}
	},
	{
		entity_name="Mrk_ShipLiftOff",
		type=MARKER,
		template_name="",
		lt_grp=0,
		srt_grp=0,
		usr_flg=0,
		spatialprops={
			pos={
				-129.1017,
				-21.114391,
				-77.048737
			},
			orient={
				{
					1,
					0,
					0
				},
				{
					0,
					1,
					0
				},
				{
					0,
					0,
					1
				}
			}
		}
	},
	{
		entity_name="Mrk_ShipLiftOff_snapJuni",
		type=MARKER,
		template_name="",
		lt_grp=0,
		srt_grp=0,
		usr_flg=0,
		spatialprops={
			pos={
				-130.888229,
				-85.805634,
				-99.408096
			},
			orient={
				{
					0.171969,
					0,
					-0.985102
				},
				{
					0,
					1,
					0
				},
				{
					0.985102,
					0,
					0.171969
				}
			}
		}
	},
	{
		entity_name="Mrk_ShipLiftOff_snapTrent",
		type=MARKER,
		template_name="",
		lt_grp=0,
		srt_grp=0,
		usr_flg=0,
		spatialprops={
			pos={
				-114.911285,
				-85.805634,
				-96.423103
			},
			orient={
				{
					-0.969069,
					0,
					-0.24679
				},
				{
					0,
					1,
					0
				},
				{
					0.24679,
					0,
					-0.969069
				}
			}
		}
	},
	{
		entity_name="vfx_PlayerShipEngines",
		type=PSYS,
		template_name="PlayerShipEngines",
		lt_grp=0,
		srt_grp=0,
		usr_flg=0,
		flags=LIT_DYNAMIC + LIT_AMBIENT,
		spatialprops={
			pos={
				0,
				0,
				0
			},
			orient={
				{
					1,
					0,
					0
				},
				{
					0,
					1,
					0
				},
				{
					0,
					0,
					1
				}
			}
		},
		psysprops={
			sparam=0
		}
	},
	{
		entity_name="vfx_rtc_spragueinsidehangar",
		type=PSYS,
		template_name="rtc_spragueinsidehangar",
		lt_grp=0,
		srt_grp=0,
		usr_flg=0,
		flags=LIT_DYNAMIC + LIT_AMBIENT,
		spatialprops={
			pos={
				-126.362656,
				-86.723778,
				-80.625046
			},
			orient={
				{
					0.9566130000000001,
					-0.269981,
					0.109549
				},
				{
					0,
					0.375992,
					0.926623
				},
				{
					-0.29136,
					-0.88642,
					0.359679
				}
			}
		},
		psysprops={
			sparam=0
		}
	},
	{
		entity_name="Mrk_Offscreen",
		type=MARKER,
		template_name="",
		lt_grp=0,
		srt_grp=0,
		usr_flg=0,
		spatialprops={
			pos={
				0,
				0,
				10000
			},
			orient={
				{
					1,
					0,
					0
				},
				{
					0,
					1,
					0
				},
				{
					0,
					0,
					1
				}
			}
		}
	},
	{
		entity_name="Mrk_AsstBlownAway",
		type=MARKER,
		template_name="",
		lt_grp=0,
		srt_grp=0,
		usr_flg=0,
		spatialprops={
			pos={
				-129.386261,
				-85.86657,
				-50.741879
			},
			orient={
				{
					0.787069,
					0,
					0.616865
				},
				{
					0,
					1,
					0
				},
				{
					-0.616865,
					0,
					0.787069
				}
			}
		}
	},
	{
		entity_name="Cam_TunnelExplosion_02",
		type=CAMERA,
		template_name="",
		lt_grp=0,
		srt_grp=0,
		usr_flg=0,
		spatialprops={
			pos={
				-125.877495,
				75.67511,
				-82.456299
			},
			orient={
				{
					-0.997595,
					-0.023696,
					-0.06512900000000001
				},
				{
					-0.068897,
					0.237107,
					0.969037
				},
				{
					-0.00752,
					0.971194,
					-0.23817
				}
			}
		},
		cameraprops={
			fovh=30,
			hvaspect=1.85,
			nearplane=0.4,
			farplane=4000
		}
	},
	{
		entity_name="Cam_TunnelExplosion_01",
		type=CAMERA,
		template_name="",
		lt_grp=0,
		srt_grp=0,
		usr_flg=0,
		spatialprops={
			pos={
				-125.877495,
				-81.83376300000001,
				-82.456299
			},
			orient={
				{
					-0.997595,
					-0.023696,
					-0.06512900000000001
				},
				{
					-0.068897,
					0.237107,
					0.969037
				},
				{
					-0.00752,
					0.971194,
					-0.23817
				}
			}
		},
		cameraprops={
			fovh=30,
			hvaspect=1.85,
			nearplane=1,
			farplane=4000
		}
	},
	{
		entity_name="Cam_04_JuniGetsInCockpit_02",
		type=CAMERA,
		template_name="",
		lt_grp=0,
		srt_grp=0,
		usr_flg=0,
		spatialprops={
			pos={
				-137.269775,
				-83.37367999999999,
				-67.338043
			},
			orient={
				{
					-0.781643,
					0,
					0.623726
				},
				{
					-0.04072,
					0.997867,
					-0.05103
				},
				{
					-0.622396,
					-0.065285,
					-0.779975
				}
			}
		},
		cameraprops={
			fovh=20,
			hvaspect=1.85,
			nearplane=0.4,
			farplane=4000
		}
	},
	{
		entity_name="vfx_rtc_spragueuptunnelexp",
		type=PSYS,
		template_name="rtc_spragueuptunnelexp",
		lt_grp=0,
		srt_grp=0,
		usr_flg=0,
		flags=LIT_DYNAMIC + LIT_AMBIENT,
		spatialprops={
			pos={
				-126.362656,
				-86.723778,
				-80.625046
			},
			orient={
				{
					1,
					0,
					0
				},
				{
					0,
					1,
					0
				},
				{
					0,
					0,
					1
				}
			}
		},
		psysprops={
			sparam=0
		}
	},
	{
		entity_name="Cam_WideTakeOff",
		type=CAMERA,
		template_name="",
		lt_grp=0,
		srt_grp=0,
		usr_flg=0,
		spatialprops={
			pos={
				-5.225039,
				158.801682,
				-3.905535
			},
			orient={
				{
					0.354518,
					0,
					-0.935049
				},
				{
					-0.341099,
					0.9310890000000001,
					-0.129326
				},
				{
					0.870614,
					0.364792,
					0.330088
				}
			}
		},
		cameraprops={
			fovh=30,
			hvaspect=1.85,
			nearplane=2,
			farplane=4000
		}
	},
	{
		entity_name="Mrk_TunnelEscapeJuni_01",
		type=MARKER,
		template_name="",
		lt_grp=0,
		srt_grp=0,
		usr_flg=0,
		spatialprops={
			pos={
				-115.811867,
				63.529057,
				-75.504318
			},
			orient={
				{
					0.964176,
					0.037,
					-0.262669
				},
				{
					0.265098,
					-0.169294,
					0.949243
				},
				{
					-0.009346,
					-0.9848710000000001,
					-0.173038
				}
			}
		}
	},
	{
		entity_name="Mrk_TunnelEscapeTrent_01",
		type=MARKER,
		template_name="",
		lt_grp=0,
		srt_grp=0,
		usr_flg=0,
		spatialprops={
			pos={
				-135.954742,
				58.28957,
				-74.881119
			},
			orient={
				{
					0.777292,
					-0.133712,
					0.614767
				},
				{
					-0.625681,
					-0.061968,
					0.777614
				},
				{
					-0.06587999999999999,
					-0.989081,
					-0.131829
				}
			}
		}
	},
	{
		entity_name="vfx_rtc_spraguemouthexp",
		type=PSYS,
		template_name="rtc_spraguemouthexp",
		lt_grp=0,
		srt_grp=0,
		usr_flg=0,
		flags=LIT_DYNAMIC + LIT_AMBIENT,
		spatialprops={
			pos={
				-125.666016,
				61.03196,
				-81.084396
			},
			orient={
				{
					1,
					0,
					0
				},
				{
					0,
					1,
					0
				},
				{
					0,
					0,
					1
				}
			}
		},
		psysprops={
			sparam=0
		}
	},
	{
		entity_name="Mrk_PathPush_01",
		type=MARKER,
		template_name="",
		lt_grp=0,
		srt_grp=0,
		usr_flg=0,
		spatialprops={
			pos={
				-126.763504,
				77.53439299999999,
				-90.63471199999999
			},
			orient={
				{
					-0.05691,
					0,
					0.998379
				},
				{
					0,
					1,
					0
				},
				{
					-0.998379,
					0,
					-0.05691
				}
			}
		}
	},
	{
		entity_name="Mrk_PathPush_02",
		type=MARKER,
		template_name="",
		lt_grp=0,
		srt_grp=0,
		usr_flg=0,
		spatialprops={
			pos={
				-126.763504,
				100.534393,
				-90.63471199999999
			},
			orient={
				{
					-0.05691,
					0,
					0.998379
				},
				{
					0,
					1,
					0
				},
				{
					-0.998379,
					0,
					-0.05691
				}
			}
		}
	},
	{
		entity_name="Cam_01_OpenRhStrafe",
		type=CAMERA,
		template_name="",
		lt_grp=0,
		srt_grp=0,
		usr_flg=0,
		spatialprops={
			pos={
				963.655273,
				90.697098,
				223.999802
			},
			orient={
				{
					0.226244,
					0.011601,
					-0.974002
				},
				{
					-0.068674,
					0.9976310000000001,
					-0.004069
				},
				{
					0.971647,
					0.06780899999999999,
					0.226505
				}
			}
		},
		cameraprops={
			fovh=30,
			hvaspect=1.85,
			nearplane=4,
			farplane=4000
		}
	},
	{
		entity_name="Path_RhElite_Open",
		type=MOTION_PATH,
		template_name="",
		lt_grp=0,
		srt_grp=0,
		usr_flg=0,
		spatialprops={
			pos={
				0,
				101.649193,
				0
			},
			orient={
				{
					1,
					0,
					0
				},
				{
					0,
					1,
					0
				},
				{
					0,
					0,
					1
				}
			}
		},
		pathprops={
			path_type="CV_CROrientationSplinePath",
			path_data="OPEN, {948.424744,14.799449,261.862671}, {0.781033,0.042609,0.620429,-0.056919}, {774.953308,28.615988,220.851318}, {0.785883,0.183449,0.568659,-0.159252}, {663.826721,41.774117,180.318710}, {0.782295,0.119339,0.594225,0.143769}, {448.998260,19.688309,86.771057}, {0.835412,0.005278,0.548908,0.027530}, {173.121063,4.330132,1.523888}, {0.758259,0.076383,0.638223,0.108997}, {-63.266541,50.653908,-24.939648}, {0.665302,-0.029967,0.697865,-0.263553}, {-359.658295,113.032005,-27.482483}, {0.710624,0.081768,0.686459,0.130777}, "
		}
	},
	{
		entity_name="Path_RhFighter_Open",
		type=MOTION_PATH,
		template_name="",
		lt_grp=0,
		srt_grp=0,
		usr_flg=0,
		spatialprops={
			pos={
				45.967129,
				98.005432,
				-55.157784
			},
			orient={
				{
					1,
					0,
					0
				},
				{
					0,
					1,
					0
				},
				{
					0,
					0,
					1
				}
			}
		},
		pathprops={
			path_type="CV_CROrientationSplinePath",
			path_data="OPEN, {948.424744,14.799449,261.862671}, {0.781033,0.042609,0.620429,-0.056919}, {774.953308,20.045593,220.851318}, {0.785883,0.183449,0.568659,-0.159252}, {663.826721,32.167000,180.318726}, {0.761561,0.013275,0.634415,-0.131780}, {448.998260,19.688307,86.771057}, {0.825214,0.004773,0.564125,0.027622}, {173.121063,4.330131,1.523888}, {0.714125,0.094471,0.687087,0.094931}, {-56.783195,23.971626,-32.408669}, {0.644732,0.072748,0.731568,-0.209373}, {-385.210815,121.621033,-35.959129}, {0.566510,0.282284,0.722767,-0.277472}, "
		}
	},
	{
		entity_name="Path_RhShips_Open_Cam",
		type=MOTION_PATH,
		template_name="",
		lt_grp=0,
		srt_grp=0,
		usr_flg=0,
		spatialprops={
			pos={
				12.301425,
				94.447166,
				-10.998905
			},
			orient={
				{
					1,
					0,
					0
				},
				{
					0,
					1,
					0
				},
				{
					0,
					0,
					1
				}
			}
		},
		pathprops={
			path_type="CV_CROrientationSplinePath",
			path_data="OPEN, {951.353821,-3.750076,234.998703}, {0.782685,-0.022959,0.621466,0.025641}, {865.635437,17.252235,212.766312}, {0.786410,-0.007845,0.617336,-0.019867}, {687.450195,39.860840,178.158081}, {0.860228,0.119673,0.491988,0.060281}, {495.373291,21.639603,84.624397}, {0.825214,0.004773,0.564125,0.027622}, {161.541565,4.330131,-34.511433}, {0.702570,0.155642,0.686907,0.101633}, {-28.195005,7.868073,-44.216480}, {0.690721,0.099715,0.712522,-0.072618}, {-103.882965,31.437683,-30.518665}, {-0.154572,0.007944,0.969876,-0.188108}, "
		}
	},
	{
		entity_name="Mrk_CamChase",
		type=MARKER,
		template_name="",
		lt_grp=0,
		srt_grp=0,
		usr_flg=0,
		spatialprops={
			pos={
				0,
				0,
				0
			},
			orient={
				{
					1,
					0,
					0
				},
				{
					0,
					1,
					0
				},
				{
					0,
					0,
					1
				}
			}
		}
	},
	{
		entity_name="Cam_03_HallRun_02",
		type=CAMERA,
		template_name="",
		lt_grp=0,
		srt_grp=0,
		usr_flg=0,
		spatialprops={
			pos={
				-135.418213,
				-87.100723,
				-38.509998
			},
			orient={
				{
					-0.652455,
					0,
					-0.757828
				},
				{
					0.211422,
					0.960296,
					-0.182025
				},
				{
					0.727738,
					-0.278984,
					-0.6265500000000001
				}
			}
		},
		cameraprops={
			fovh=15,
			hvaspect=1.85,
			nearplane=2,
			farplane=4000
		}
	},
	{
		entity_name="Mrk_SinAlign9sec",
		type=MARKER,
		template_name="",
		lt_grp=0,
		srt_grp=0,
		usr_flg=0,
		spatialprops={
			pos={
				-133.175232,
				-86.040665,
				-47.627983
			},
			orient={
				{
					0.999307,
					0,
					0.037229
				},
				{
					0,
					1,
					0
				},
				{
					-0.037229,
					0,
					0.999307
				}
			}
		}
	}
	,
	{
		entity_name="Mrk_JuniAlign_9sec",
		type=MARKER,
		template_name="",
		lt_grp=0,
		srt_grp=0,
		usr_flg=0,
		spatialprops={
			pos={
				-138.286972,
				-86.03926800000001,
				-51.995541
			},
			orient={
				{
					0.604125,
					0,
					0.79689
				},
				{
					0,
					1,
					0
				},
				{
					-0.79689,
					0,
					0.604125
				}
			}
		}
	},
	{
		entity_name="Path_BigShake_Y",
		type=MOTION_PATH,
		template_name="",
		lt_grp=0,
		srt_grp=0,
		usr_flg=0,
		spatialprops={
			pos={
				-133.838684,
				-85.090401,
				-50.130585
			},
			orient={
				{
					0.977672,
					0.15313,
					0.143907
				},
				{
					-0.126335,
					0.975559,
					-0.179787
				},
				{
					-0.167921,
					0.157592,
					0.973123
				}
			}
		},
		pathprops={
			path_type="CV_CROrientationSplinePath",
			path_data="OPEN, {0.000000,-0.300000,0.000000}, {1.000000,0.000000,0.000000,0.000000}, {0.000000,0.300000,0.000000}, {1.000000,0.000000,0.000000,0.000000}, "
		}
	},
	{
		entity_name="Path_BigShake_X",
		type=MOTION_PATH,
		template_name="",
		lt_grp=0,
		srt_grp=0,
		usr_flg=0,
		spatialprops={
			pos={
				-133.838684,
				-85.090401,
				-50.130585
			},
			orient={
				{
					0.977672,
					0.15313,
					0.143907
				},
				{
					-0.126335,
					0.975559,
					-0.179787
				},
				{
					-0.167921,
					0.157592,
					0.973123
				}
			}
		},
		pathprops={
			path_type="CV_CROrientationSplinePath",
			path_data="OPEN, {-0.300000,0.000000,0.000000}, {1.000000,0.000000,0.000000,0.000000}, {0.300000,0.000000,0.000000}, {1.000000,0.000000,0.000000,0.000000}, "
		}
	},
	{
		entity_name="Cam_05_EstBombRun_01",
		type=CAMERA,
		template_name="",
		lt_grp=0,
		srt_grp=0,
		usr_flg=0,
		spatialprops={
			pos={
				-167.90686,
				130.69162,
				-35.65469
			},
			orient={
				{
					-0.998982,
					0,
					-0.045107
				},
				{
					-0.003342,
					0.997252,
					0.074006
				},
				{
					0.044983,
					0.07408099999999999,
					-0.996237
				}
			}
		},
		cameraprops={
			fovh=30,
			hvaspect=1.85,
			nearplane=2,
			farplane=4000
		}
	},
	{
		entity_name="Cam_05_EstBombRun_02",
		type=CAMERA,
		template_name="",
		lt_grp=0,
		srt_grp=0,
		usr_flg=0,
		spatialprops={
			pos={
				-166.527679,
				129.397736,
				-8.9711
			},
			orient={
				{
					-0.999996,
					0,
					0.002996
				},
				{
					0.000183,
					0.998136,
					0.061035
				},
				{
					-0.002991,
					0.061035,
					-0.998131
				}
			}
		},
		cameraprops={
			fovh=30,
			hvaspect=1.85,
			nearplane=0.4,
			farplane=4000
		}
	},
	{
		entity_name="Mrk_PlayerShipStayPut",
		type=MARKER,
		template_name="",
		lt_grp=0,
		srt_grp=0,
		usr_flg=0,
		spatialprops={
			pos={
				-117.681534,
				-80.361458,
				-82.110176
			},
			orient={
				{
					-0.478692,
					0,
					-0.877983
				},
				{
					0,
					1,
					0
				},
				{
					0.877983,
					0,
					-0.478692
				}
			}
		}
	},
	{
		entity_name="Cam_06_BeginTakeOff_01",
		type=CAMERA,
		template_name="",
		lt_grp=0,
		srt_grp=0,
		usr_flg=0,
		spatialprops={
			pos={
				-159.844742,
				-84.715271,
				-63.02924
			},
			orient={
				{
					0.106989,
					0,
					0.99426
				},
				{
					-0.086924,
					0.996171,
					0.009354
				},
				{
					-0.990453,
					-0.087426,
					0.106579
				}
			}
		},
		cameraprops={
			fovh=30,
			hvaspect=1.85,
			nearplane=1,
			farplane=1000
		}
	},
	{
		entity_name="vfx_rtc_spraguedistantexp",
		type=PSYS,
		template_name="rtc_spraguedistantexp",
		lt_grp=0,
		srt_grp=0,
		usr_flg=0,
		flags=LIT_DYNAMIC + LIT_AMBIENT,
		spatialprops={
			pos={
				-114.079803,
				79.592911,
				-56.368427
			},
			orient={
				{
					1,
					0,
					0
				},
				{
					0,
					1,
					0
				},
				{
					0,
					0,
					1
				}
			}
		},
		psysprops={
			sparam=0
		}
	},
	{
		entity_name="Mrk_ShipLiftOff_copy_1",
		type=MARKER,
		template_name="",
		lt_grp=0,
		srt_grp=0,
		usr_flg=0,
		spatialprops={
			pos={
				-110.962624,
				-61.579681,
				-76.588081
			},
			orient={
				{
					-0.936177,
					0,
					0.35153
				},
				{
					0,
					1,
					0
				},
				{
					-0.35153,
					0,
					-0.936177
				}
			}
		}
	},
	{
		entity_name="vfx_rtc_bombtrail",
		type=PSYS,
		template_name="rtc_bombtrail",
		lt_grp=0,
		srt_grp=0,
		usr_flg=0,
		flags=LIT_DYNAMIC + LIT_AMBIENT,
		spatialprops={
			pos={
				0,
				0,
				0
			},
			orient={
				{
					1,
					0,
					0
				},
				{
					0,
					1,
					0
				},
				{
					0,
					0,
					1
				}
			}
		},
		psysprops={
			sparam=0
		}
	},
	{
		entity_name="Mrk_BeginJuniTakeOff",
		type=MARKER,
		template_name="",
		lt_grp=0,
		srt_grp=0,
		usr_flg=0,
		spatialprops={
			pos={
				-139.672943,
				-79.448517,
				-63.111961
			},
			orient={
				{
					0.352585,
					0.038013,
					0.935007
				},
				{
					-0.146044,
					0.989167,
					0.014858
				},
				{
					-0.9243130000000001,
					-0.141791,
					0.354317
				}
			}
		}
	},
	{
		entity_name="Mrk_BeginTrentTakeOff",
		type=MARKER,
		template_name="",
		lt_grp=0,
		srt_grp=0,
		usr_flg=0,
		spatialprops={
			pos={
				-117.683083,
				-79.00490600000001,
				-82.11238899999999
			},
			orient={
				{
					-0.575172,
					0.003236,
					-0.818026
				},
				{
					0.001861,
					0.999995,
					0.002647
				},
				{
					0.81803,
					0,
					-0.575175
				}
			}
		}
	},
	{
		entity_name="Cam_06_BeginTakeOff_02",
		type=CAMERA,
		template_name="",
		lt_grp=0,
		srt_grp=0,
		usr_flg=0,
		spatialprops={
			pos={
				-160.011505,
				-80.804878,
				-62.627567
			},
			orient={
				{
					0.106989,
					0,
					0.99426
				},
				{
					-0.086924,
					0.996171,
					0.009354
				},
				{
					-0.990453,
					-0.087426,
					0.106579
				}
			}
		},
		cameraprops={
			fovh=30,
			hvaspect=1.85,
			nearplane=0.4,
			farplane=1000
		}
	},
	{
		entity_name="Mrk_AsstStartBlownAway",
		type=MARKER,
		template_name="",
		lt_grp=0,
		srt_grp=0,
		usr_flg=0,
		spatialprops={
			pos={
				-136.050262,
				-85.92952699999999,
				-65.346024
			},
			orient={
				{
					-0.963506,
					0,
					0.267686
				},
				{
					0,
					1,
					0
				},
				{
					-0.267686,
					0,
					-0.963506
				}
			}
		}
	},
	{
		entity_name="vfx_rtc_fadeblack_variable",
		type=PSYS,
		template_name="rtc_fadeblack_variable",
		lt_grp=0,
		srt_grp=0,
		usr_flg=0,
		flags=LIT_DYNAMIC + LIT_AMBIENT,
		spatialprops={
			pos={
				0,
				0,
				0
			},
			orient={
				{
					1,
					0,
					0
				},
				{
					0,
					1,
					0
				},
				{
					0,
					0,
					1
				}
			}
		},
		psysprops={
			sparam=0
		}
	},
	{
		entity_name="Mrk_TunnelEscapeJuni",
		type=MARKER,
		template_name="",
		lt_grp=0,
		srt_grp=0,
		usr_flg=0,
		spatialprops={
			pos={
				-115.811867,
				-50.23246,
				-75.504318
			},
			orient={
				{
					0.964176,
					-0.174703,
					-0.199607
				},
				{
					0.265098,
					0.608104,
					0.748287
				},
				{
					-0.009346999999999999,
					-0.774396,
					0.632633
				}
			}
		}
	},
	{
		entity_name="Mrk_TunnelEscapeTrent",
		type=MARKER,
		template_name="",
		lt_grp=0,
		srt_grp=0,
		usr_flg=0,
		spatialprops={
			pos={
				-135.954742,
				-47.138367,
				-74.881119
			},
			orient={
				{
					0.891779,
					0.166261,
					0.420818
				},
				{
					-0.430123,
					0.600178,
					0.674374
				},
				{
					-0.140443,
					-0.782396,
					0.606739
				}
			}
		}
	},
	{
		entity_name="Cam_WideTakeOff_01",
		type=CAMERA,
		template_name="",
		lt_grp=0,
		srt_grp=0,
		usr_flg=0,
		spatialprops={
			pos={
				244.58606,
				83.234047,
				81.042366
			},
			orient={
				{
					0.183677,
					-0.210431,
					-0.960199
				},
				{
					0.341443,
					0.929654,
					-0.138422
				},
				{
					0.92178,
					-0.302428,
					0.242606
				}
			}
		},
		cameraprops={
			fovh=30,
			hvaspect=1.85,
			nearplane=0.4,
			farplane=4000
		}
	},
	{
		entity_name="Mrk_TunnelEscapeJuni_02",
		type=MARKER,
		template_name="",
		lt_grp=0,
		srt_grp=0,
		usr_flg=0,
		spatialprops={
			pos={
				-116.472816,
				1075.117676,
				-72.32132
			},
			orient={
				{
					0.346209,
					-0.039421,
					-0.937329
				},
				{
					0.9257030000000001,
					-0.147906,
					0.348135
				},
				{
					-0.15236,
					-0.988215,
					-0.014714
				}
			}
		}
	},
	{
		entity_name="Mrk_TunnelEscapeTrent_02",
		type=MARKER,
		template_name="",
		lt_grp=0,
		srt_grp=0,
		usr_flg=0,
		spatialprops={
			pos={
				-76.28121899999999,
				1071.417725,
				-106.264969
			},
			orient={
				{
					0.309695,
					0.114141,
					0.94396
				},
				{
					-0.813144,
					0.546362,
					0.200713
				},
				{
					-0.492835,
					-0.829735,
					0.262018
				}
			}
		}
	},
	{
		entity_name="Cam_12_ExtremeBirdsEye_01",
		type=CAMERA,
		template_name="",
		lt_grp=0,
		srt_grp=0,
		usr_flg=0,
		spatialprops={
			pos={
				-119.950043,
				700,
				-76.542999
			},
			orient={
				{
					0.998989,
					0.044958,
					0.000508
				},
				{
					0,
					0.011289,
					-0.9999360000000001
				},
				{
					-0.044961,
					0.998925,
					0.011277
				}
			}
		},
		cameraprops={
			fovh=10,
			hvaspect=1.85,
			nearplane=0.4,
			farplane=4000
		}
	},
	{
		entity_name="Cam_12_ExtremeBirdsEye",
		type=CAMERA,
		template_name="",
		lt_grp=0,
		srt_grp=0,
		usr_flg=0,
		spatialprops={
			pos={
				-119.650215,
				610.46991,
				-76.89192199999999
			},
			orient={
				{
					0.137215,
					0.044958,
					0.98952
				},
				{
					0.990389,
					0.011288,
					-0.137848
				},
				{
					-0.017367,
					0.998925,
					-0.042977
				}
			}
		},
		cameraprops={
			fovh=10,
			hvaspect=1.85,
			nearplane=1,
			farplane=4000
		}
	},
	{
		entity_name="Cam_WideTakeOff_02",
		type=CAMERA,
		template_name="",
		lt_grp=0,
		srt_grp=0,
		usr_flg=0,
		spatialprops={
			pos={
				244.58606,
				197.506104,
				81.042366
			},
			orient={
				{
					0.183677,
					-0.210431,
					-0.960199
				},
				{
					-0.008711,
					0.9764310000000001,
					-0.215655
				},
				{
					0.982948,
					0.047975,
					0.177515
				}
			}
		},
		cameraprops={
			fovh=30,
			hvaspect=1.85,
			nearplane=1,
			farplane=4000
		}
	},
	{
		entity_name="Cam_GroundZeroLookingUp",
		type=CAMERA,
		template_name="",
		lt_grp=0,
		srt_grp=0,
		usr_flg=0,
		spatialprops={
			pos={
				-120.061996,
				99.086884,
				-76.48801400000001
			},
			orient={
				{
					0.893514,
					-0.13533,
					-0.428157
				},
				{
					0.432289,
					0.001282,
					0.901734
				},
				{
					-0.121483,
					-0.9908,
					0.059647
				}
			}
		},
		cameraprops={
			fovh=30,
			hvaspect=1.85,
			nearplane=1,
			farplane=4000
		}
	},
	{
		entity_name="Mrk_ShipFollowElite",
		type=MARKER,
		template_name="",
		lt_grp=0,
		srt_grp=0,
		usr_flg=0,
		spatialprops={
			pos={
				-134.550278,
				-86.023003,
				-54.067841
			},
			orient={
				{
					-0.968886,
					0,
					0.247508
				},
				{
					0,
					1,
					0
				},
				{
					-0.247508,
					0,
					-0.968886
				}
			}
		}
	},
	{
		entity_name="Mrk_ShipFollowFighter",
		type=MARKER,
		template_name="",
		lt_grp=0,
		srt_grp=0,
		usr_flg=0,
		spatialprops={
			pos={
				0,
				0,
				0
			},
			orient={
				{
					1,
					0,
					0
				},
				{
					0,
					1,
					0
				},
				{
					0,
					0,
					1
				}
			}
		}
	},
	{
		entity_name="Mrk_BombRelocate",
		type=MARKER,
		template_name="",
		lt_grp=0,
		srt_grp=0,
		usr_flg=0,
		spatialprops={
			pos={
				-126.362656,
				-86.723778,
				-80.625046
			},
			orient={
				{
					0.9566130000000001,
					-0.269981,
					0.109549
				},
				{
					0,
					0.375992,
					0.926623
				},
				{
					-0.29136,
					-0.88642,
					0.359679
				}
			}
		}
	},
	{
		entity_name="Path_RunPathShake_X",
		type=MOTION_PATH,
		template_name="",
		lt_grp=0,
		srt_grp=0,
		usr_flg=0,
		spatialprops={
			pos={
				-144.610306,
				-86.885498,
				-23.887486
			},
			orient={
				{
					-0.962892,
					0,
					-0.269885
				},
				{
					-0.008716,
					0.999478,
					0.031097
				},
				{
					0.269745,
					0.032295,
					-0.96239
				}
			}
		},
		pathprops={
